block	Singletons	Doubletons	MAC.3.5	MAC.6.10	MAC.11.20	MAC.21.MAF0.005	MAF0.005.MAF0.01	Total	pop	N_bp
0	558	190	186	87	52	68	9	1169	NFE	8490
1	1056	343	332	144	86	89	14	2110	NFE	13239
2	971	339	288	118	55	79	4	1892	NFE	11037
3	2612	792	751	322	143	163	9	4906	NFE	28833
4	567	153	153	57	29	37	3	1003	NFE	6117
5	1746	482	484	204	90	119	12	3166	NFE	22692
6	1086	338	343	123	62	76	9	2064	NFE	13917
7	2234	655	668	247	122	149	10	4139	NFE	27279
9	968	293	315	146	87	78	3	1921	NFE	12777
10	563	189	155	51	31	37	2	1039	NFE	6936
11	417	124	139	59	29	46	2	825	NFE	5820
12	682	204	192	78	45	55	6	1274	NFE	8133
13	1217	400	441	201	83	106	9	2494	NFE	15207
14	1771	481	511	206	109	122	11	3260	NFE	23175
15	1509	518	541	235	135	149	8	3147	NFE	20241
16	1380	414	394	146	103	99	6	2576	NFE	16890
18	1970	648	615	258	131	139	11	3827	NFE	25321
19	1162	387	356	145	69	83	6	2251	NFE	16731
20	778	221	218	92	40	67	4	1443	NFE	10314
21	468	140	111	52	22	43	4	860	NFE	6921
22	465	102	97	56	22	35	8	806	NFE	8175
24	419	113	142	48	23	44	2	813	NFE	6033
25	1635	501	422	171	87	104	8	2958	NFE	22178
26	1533	497	475	185	102	133	11	3001	NFE	23505
27	1430	407	372	145	84	105	5	2594	NFE	19620
28	4054	1003	862	350	182	251	24	6882	NFE	47499
29	772	203	193	79	53	58	3	1389	NFE	10443
30	1976	552	496	214	132	138	10	3561	NFE	27474
31	4203	1262	1143	420	226	275	16	7641	NFE	57595
32	2042	643	578	245	102	159	19	3829	NFE	26001
33	4083	1082	964	411	212	278	24	7148	NFE	58758
34	2177	596	512	185	120	110	7	3749	NFE	31911
35	440	135	107	48	20	38	1	798	NFE	5943
36	1825	538	502	187	103	133	13	3330	NFE	25500
37	1326	422	399	158	88	92	9	2535	NFE	19029
38	2327	682	662	284	126	155	15	4313	NFE	32334
39	1385	401	426	173	113	118	12	2696	NFE	17358
40	1073	315	313	116	58	60	3	1953	NFE	16486
41	1177	346	425	170	100	121	11	2393	NFE	15855
42	2376	711	695	274	146	193	9	4491	NFE	33048
43	1127	300	262	116	46	84	5	1969	NFE	15918
44	1724	513	485	198	104	120	12	3207	NFE	23379
45	2408	644	617	232	105	150	18	4214	NFE	32412
46	3272	935	854	329	153	190	12	5803	NFE	44412
47	1651	399	351	169	80	116	7	2837	NFE	22293
48	1694	433	328	147	83	149	13	2906	NFE	22182
49	1048	243	219	90	54	69	3	1763	NFE	13599
51	390	100	105	29	9	23	3	664	NFE	4788
52	304	82	69	23	13	26	2	523	NFE	3900
53	227	75	80	23	18	20	0	448	NFE	3243
54	375	94	93	32	19	17	2	636	NFE	5007
55	1553	491	432	179	89	119	9	2933	NFE	21141
56	414	109	106	43	26	35	2	741	NFE	5124
58	1582	464	433	179	114	110	7	2933	NFE	23547
59	1108	342	310	135	59	83	7	2093	NFE	15276
60	3339	1045	904	396	179	256	13	6205	NFE	45183
61	5186	1318	1258	463	279	306	22	8953	NFE	81235
62	4057	1182	1166	460	217	282	16	7490	NFE	54094
63	2996	840	815	324	170	275	19	5542	NFE	44391
64	2701	778	714	304	151	175	19	4895	NFE	39693
65	1933	594	605	263	120	175	20	3784	NFE	26013
66	4045	1218	1132	441	253	303	14	7470	NFE	54678
67	2544	715	710	339	174	256	10	4842	NFE	28399
68	2647	734	595	248	129	204	9	4648	NFE	38463
69	745	214	198	98	41	84	2	1411	NFE	10323
70	878	262	248	120	67	66	5	1676	NFE	12993
71	4137	1176	1075	387	214	233	23	7328	NFE	55181
72	874	225	194	95	47	62	5	1531	NFE	11916
73	1212	306	287	113	48	62	6	2054	NFE	19065
74	1535	424	436	159	96	121	4	2807	NFE	19599
75	1276	353	333	133	80	123	4	2351	NFE	19220
76	1724	470	442	174	107	111	7	3086	NFE	27204
77	1893	592	489	207	101	143	12	3501	NFE	26076
78	2267	636	564	213	126	156	16	4032	NFE	29892
79	3916	1143	998	382	231	305	33	7086	NFE	51234
80	1363	387	415	147	71	122	6	2536	NFE	18402
81	1221	373	330	144	69	83	10	2258	NFE	18270
82	554	141	139	76	33	42	1	1015	NFE	6609
83	579	153	134	56	37	45	2	1025	NFE	7302
84	400	104	111	53	23	39	1	744	NFE	5775
85	1363	362	355	134	79	129	15	2502	NFE	19972
86	1647	416	405	151	105	104	11	2893	NFE	23553
87	969	261	208	90	66	70	3	1705	NFE	14607
88	1110	309	270	111	75	77	2	1985	NFE	14055
89	684	162	158	65	39	58	4	1206	NFE	11045
90	956	242	248	104	61	78	6	1732	NFE	13677
91	501	139	132	61	31	36	1	925	NFE	7245
93	292	92	87	30	12	26	0	543	NFE	3183
94	521	120	112	46	10	42	3	868	NFE	8316
95	1544	449	442	208	116	166	11	3026	NFE	19743
96	1066	277	294	130	67	103	12	1990	NFE	11457
97	884	351	305	127	73	126	17	1976	NFE	12291
98	1775	501	497	204	111	134	8	3309	NFE	21456
99	1931	575	510	192	111	145	21	3552	NFE	28687
100	1627	427	372	150	76	92	14	2818	NFE	24246
101	1045	283	251	129	69	82	6	1904	NFE	13068
102	1278	345	294	133	90	103	18	2304	NFE	17673
103	777	170	165	64	52	60	5	1309	NFE	9383
104	614	161	123	44	27	39	2	1025	NFE	7602
105	4046	1033	874	361	191	272	26	6915	NFE	57348
106	3003	820	791	273	156	239	15	5357	NFE	37572
0	220	47	45	30	11	18	2	390	EAS	8490
1	361	91	87	44	28	33	11	693	EAS	13239
2	344	90	85	37	32	33	5	662	EAS	11037
3	963	213	191	101	60	63	8	1704	EAS	28833
4	213	46	23	8	7	10	1	320	EAS	6117
5	590	140	126	55	35	32	2	1011	EAS	22692
6	369	94	90	39	23	28	4	669	EAS	13917
7	759	185	157	82	55	53	5	1343	EAS	27279
9	386	81	83	39	25	32	3	669	EAS	12777
10	178	31	34	17	13	17	1	301	EAS	6936
11	161	54	38	15	10	17	2	303	EAS	5820
12	227	52	64	31	13	16	2	415	EAS	8133
13	460	119	126	49	21	28	6	843	EAS	15207
14	607	153	125	57	43	37	10	1080	EAS	23175
15	605	185	145	69	60	41	9	1150	EAS	20241
16	564	103	127	46	33	39	7	947	EAS	16890
18	732	177	196	87	50	47	13	1358	EAS	25321
19	422	83	87	56	23	20	6	717	EAS	16731
20	262	64	51	27	20	17	3	463	EAS	10314
21	141	26	29	17	14	12	1	255	EAS	6921
22	147	34	26	21	13	8	3	277	EAS	8175
24	134	40	35	13	9	13	1	269	EAS	6033
25	541	129	104	46	34	41	13	934	EAS	22178
26	601	122	146	77	28	49	5	1082	EAS	23505
27	477	108	86	39	34	43	7	843	EAS	19620
28	1148	230	217	91	66	70	20	1997	EAS	47499
29	234	51	54	32	19	19	2	451	EAS	10443
30	629	158	141	67	30	48	10	1132	EAS	27474
31	1315	312	270	134	97	85	16	2326	EAS	57595
32	700	161	138	73	55	41	13	1216	EAS	26001
33	1297	276	253	129	61	77	21	2192	EAS	58758
34	707	133	119	61	37	42	7	1138	EAS	31911
35	160	38	32	14	8	9	2	269	EAS	5943
36	532	128	142	56	42	33	9	970	EAS	25500
37	422	82	110	43	39	45	5	782	EAS	19029
38	757	196	178	89	59	50	7	1407	EAS	32334
39	461	88	125	45	25	44	13	866	EAS	17358
40	382	71	71	32	22	22	4	619	EAS	16486
41	454	100	114	55	33	29	10	824	EAS	15855
42	772	193	178	89	55	45	15	1419	EAS	33048
43	352	61	74	35	18	32	6	594	EAS	15918
44	614	114	121	59	44	22	6	1029	EAS	23379
45	773	175	144	76	41	46	5	1294	EAS	32412
46	1000	222	235	127	55	56	14	1757	EAS	44412
47	473	102	95	44	48	43	9	858	EAS	22293
48	489	108	109	46	31	43	20	906	EAS	22182
49	276	64	59	32	27	21	7	519	EAS	13599
51	112	26	18	9	6	8	0	184	EAS	4788
52	97	19	16	6	5	9	0	157	EAS	3900
53	86	15	18	5	5	11	0	143	EAS	3243
54	95	15	14	8	8	5	1	149	EAS	5007
55	521	124	115	49	43	28	9	959	EAS	21141
56	123	24	19	7	7	4	1	191	EAS	5124
58	502	105	105	45	39	24	8	860	EAS	23547
59	344	81	80	49	28	28	7	662	EAS	15276
60	1138	267	226	105	63	72	18	1972	EAS	45183
61	1503	388	322	132	105	91	18	2682	EAS	81235
62	1310	302	254	146	94	96	20	2310	EAS	54094
63	1032	239	225	102	72	80	14	1879	EAS	44391
64	895	194	187	76	61	43	9	1514	EAS	39693
65	706	164	159	84	48	57	9	1301	EAS	26013
66	1302	304	295	142	89	77	9	2271	EAS	54678
67	805	236	213	116	61	73	16	1611	EAS	28399
68	813	173	189	75	51	60	12	1453	EAS	38463
69	265	55	57	33	19	16	4	472	EAS	10323
70	264	62	49	37	22	23	4	480	EAS	12993
71	1345	293	254	139	83	76	6	2270	EAS	55181
72	276	59	50	26	19	14	4	475	EAS	11916
73	353	85	67	41	28	17	4	612	EAS	19065
74	505	119	113	52	37	28	6	885	EAS	19599
75	459	105	102	45	42	34	8	835	EAS	19220
76	559	120	105	65	31	43	7	973	EAS	27204
77	614	134	150	67	42	57	8	1119	EAS	26076
78	733	163	163	83	53	47	5	1308	EAS	29892
79	1261	282	259	132	80	91	21	2205	EAS	51234
80	455	101	94	39	33	35	3	784	EAS	18402
81	447	97	91	36	33	29	3	760	EAS	18270
82	189	34	45	19	11	6	3	327	EAS	6609
83	194	41	63	20	15	15	1	360	EAS	7302
84	111	44	23	18	4	12	2	228	EAS	5775
85	461	110	113	57	35	38	15	896	EAS	19972
86	507	131	98	46	31	19	8	891	EAS	23553
87	295	74	65	30	19	19	3	546	EAS	14607
88	361	80	94	35	24	34	7	669	EAS	14055
89	219	48	50	30	12	18	4	414	EAS	11045
90	270	64	85	35	22	32	2	543	EAS	13677
91	160	43	35	18	6	8	0	289	EAS	7245
93	96	13	15	5	5	8	1	146	EAS	3183
94	173	41	32	16	12	7	2	298	EAS	8316
95	530	155	132	74	40	68	18	1109	EAS	19743
96	355	70	71	41	33	42	14	665	EAS	11457
97	320	118	106	64	36	48	17	782	EAS	12291
98	580	123	131	70	52	54	5	1082	EAS	21456
99	689	161	137	73	38	44	12	1213	EAS	28687
100	503	116	113	45	29	36	5	904	EAS	24246
101	308	92	67	36	25	29	4	601	EAS	13068
102	399	112	74	55	25	25	9	740	EAS	17673
103	270	61	59	24	13	17	2	460	EAS	9383
104	177	31	26	15	8	10	0	283	EAS	7602
105	1257	284	243	123	85	75	9	2191	EAS	57348
106	1001	210	194	84	58	73	16	1696	EAS	37572
0	226	57	58	30	20	31	7	470	AFR	8490
1	423	107	84	51	26	51	17	819	AFR	13239
2	351	91	94	41	29	39	13	706	AFR	11037
3	942	266	203	88	71	93	30	1853	AFR	28833
4	191	42	41	13	9	15	3	328	AFR	6117
5	572	142	141	73	44	47	20	1100	AFR	22692
6	366	111	93	37	22	37	16	721	AFR	13917
7	769	194	181	68	58	60	18	1420	AFR	27279
9	410	89	93	41	16	32	22	757	AFR	12777
10	182	51	41	23	10	23	8	363	AFR	6936
11	161	40	43	12	8	17	1	297	AFR	5820
12	252	66	53	19	16	24	8	464	AFR	8133
13	500	135	110	54	41	62	21	972	AFR	15207
14	672	169	128	55	41	67	18	1234	AFR	23175
15	630	184	178	91	56	83	38	1367	AFR	20241
16	537	143	108	49	31	36	14	973	AFR	16890
18	739	211	173	87	54	87	29	1479	AFR	25321
19	401	114	110	45	33	40	11	814	AFR	16731
20	288	60	60	25	17	30	8	525	AFR	10314
21	139	34	39	14	20	11	9	291	AFR	6921
22	143	39	37	18	11	29	2	314	AFR	8175
24	159	29	31	20	14	15	6	302	AFR	6033
25	586	151	119	54	39	46	20	1083	AFR	22178
26	591	153	134	71	51	59	34	1200	AFR	23505
27	468	132	85	48	32	53	25	927	AFR	19620
28	1236	313	266	133	113	157	45	2546	AFR	47499
29	224	70	61	30	12	26	5	487	AFR	10443
30	703	190	145	79	33	59	14	1306	AFR	27474
31	1395	364	313	133	102	112	35	2592	AFR	57595
32	724	211	163	72	37	69	28	1378	AFR	26001
33	1303	346	279	126	77	112	38	2469	AFR	58758
34	697	169	126	63	37	50	18	1218	AFR	31911
35	148	35	41	16	12	19	3	296	AFR	5943
36	610	189	145	62	31	46	25	1181	AFR	25500
37	487	158	80	57	36	55	17	969	AFR	19029
38	819	196	179	54	65	84	39	1548	AFR	32334
39	495	150	129	73	39	55	27	1100	AFR	17358
40	385	109	74	23	16	31	9	672	AFR	16486
41	482	130	110	45	44	58	16	957	AFR	15855
42	814	210	196	88	64	99	30	1631	AFR	33048
43	345	101	88	40	32	32	6	685	AFR	15918
44	620	122	135	61	49	64	20	1154	AFR	23379
45	820	231	176	70	33	58	23	1502	AFR	32412
46	1088	283	212	105	75	90	28	1972	AFR	44412
47	508	137	92	57	33	74	17	1013	AFR	22293
48	564	118	107	55	36	70	27	1091	AFR	22182
49	332	81	72	32	16	40	11	637	AFR	13599
51	121	38	24	19	9	11	3	237	AFR	4788
52	98	23	18	12	4	7	3	175	AFR	3900
53	96	20	28	9	3	5	2	170	AFR	3243
54	128	23	20	11	5	5	6	205	AFR	5007
55	548	143	114	50	40	53	24	1071	AFR	21141
56	147	44	21	17	5	8	3	254	AFR	5124
58	552	144	119	48	38	46	18	1026	AFR	23547
59	400	99	90	42	23	48	13	782	AFR	15276
60	1149	316	258	128	73	114	34	2212	AFR	45183
61	1588	416	304	154	103	150	49	2958	AFR	81235
62	1422	338	280	119	97	131	48	2610	AFR	54094
63	1004	283	215	123	89	132	39	2070	AFR	44391
64	957	246	160	68	59	85	27	1688	AFR	39693
65	683	199	169	84	64	114	35	1460	AFR	26013
66	1469	354	296	140	82	106	26	2609	AFR	54678
67	950	279	263	121	83	112	36	2042	AFR	28399
68	841	221	185	89	53	79	42	1673	AFR	38463
69	257	83	62	25	13	27	16	535	AFR	10323
70	296	75	75	38	14	33	12	592	AFR	12993
71	1374	363	269	127	107	123	45	2532	AFR	55181
72	244	82	74	25	32	32	14	544	AFR	11916
73	352	91	92	25	19	46	20	687	AFR	19065
74	552	126	107	69	36	47	15	1013	AFR	19599
75	471	104	99	49	35	43	25	899	AFR	19220
76	575	139	115	55	47	57	14	1092	AFR	27204
77	615	157	142	62	37	61	23	1195	AFR	26076
78	747	193	167	84	44	75	22	1459	AFR	29892
79	1321	312	278	112	105	162	34	2497	AFR	51234
80	511	129	107	42	35	43	16	950	AFR	18402
81	445	104	103	46	36	30	15	822	AFR	18270
82	203	57	46	31	13	16	8	415	AFR	6609
83	218	51	50	22	8	25	5	406	AFR	7302
84	126	27	28	15	13	13	6	265	AFR	5775
85	460	138	98	63	42	51	25	973	AFR	19972
86	536	132	124	60	37	30	25	1023	AFR	23553
87	304	103	58	35	33	26	5	618	AFR	14607
88	389	107	82	48	31	39	16	784	AFR	14055
89	228	54	44	28	17	37	14	473	AFR	11045
90	296	84	64	35	23	42	14	622	AFR	13677
91	160	42	45	23	10	18	5	339	AFR	7245
93	108	24	23	5	6	14	5	198	AFR	3183
94	174	33	33	12	9	10	7	305	AFR	8316
95	580	163	138	77	54	87	44	1284	AFR	19743
96	399	110	98	44	41	37	35	850	AFR	11457
97	337	132	101	53	43	55	23	904	AFR	12291
98	629	162	125	68	43	73	31	1245	AFR	21456
99	679	156	136	60	58	89	38	1317	AFR	28687
100	516	135	103	56	31	64	18	1007	AFR	24246
101	363	91	86	28	27	35	21	716	AFR	13068
102	416	110	90	48	47	47	27	872	AFR	17673
103	250	77	49	32	13	20	15	492	AFR	9383
104	163	53	37	22	8	29	10	351	AFR	7602
105	1254	315	268	120	109	121	48	2421	AFR	57348
106	1102	261	215	105	60	104	32	1987	AFR	37572
0	344	85	108	35	28	40	5	661	SAS	8490
1	612	134	121	71	40	58	18	1099	SAS	13239
2	532	158	152	48	35	54	14	1027	SAS	11037
3	1446	346	317	160	81	115	9	2598	SAS	28833
4	264	78	69	26	16	26	1	487	SAS	6117
5	969	221	197	109	58	85	11	1681	SAS	22692
6	555	142	143	75	48	50	7	1044	SAS	13917
7	1126	341	261	117	61	97	8	2066	SAS	27279
9	551	149	145	73	39	58	2	1050	SAS	12777
10	290	71	62	21	17	18	4	496	SAS	6936
11	241	54	63	26	21	28	3	443	SAS	5820
12	368	110	86	51	27	38	7	702	SAS	8133
13	745	191	186	91	51	57	9	1365	SAS	15207
14	946	234	216	115	75	79	12	1730	SAS	23175
15	865	258	252	93	72	86	12	1689	SAS	20241
16	737	198	175	93	55	57	7	1361	SAS	16890
18	1124	289	268	122	76	88	8	2040	SAS	25321
19	608	153	135	62	35	59	11	1103	SAS	16731
20	388	106	109	31	25	22	5	712	SAS	10314
21	241	49	60	14	16	27	3	431	SAS	6921
22	221	53	54	27	14	28	3	422	SAS	8175
24	205	70	59	19	23	23	3	423	SAS	6033
25	846	214	195	83	52	60	7	1490	SAS	22178
26	958	218	175	97	53	74	13	1655	SAS	23505
27	759	162	161	84	50	49	6	1320	SAS	19620
28	1847	428	385	162	116	158	35	3302	SAS	47499
29	346	97	80	40	29	35	8	665	SAS	10443
30	994	273	197	100	70	94	11	1786	SAS	27474
31	2155	563	452	215	148	169	28	3825	SAS	57595
32	1082	295	254	130	84	88	16	2003	SAS	26001
33	1963	474	410	209	126	166	28	3469	SAS	58758
34	1138	268	196	95	76	100	12	1915	SAS	31911
35	230	59	48	17	17	21	5	404	SAS	5943
36	1002	222	229	90	66	78	8	1737	SAS	25500
37	686	199	154	79	49	55	19	1278	SAS	19029
38	1200	292	278	118	66	108	22	2162	SAS	32334
39	723	215	188	85	72	73	8	1434	SAS	17358
40	569	148	118	42	30	38	6	966	SAS	16486
41	688	193	172	77	49	57	13	1299	SAS	15855
42	1349	347	239	137	67	99	20	2345	SAS	33048
43	589	131	125	64	28	41	11	1017	SAS	15918
44	947	229	231	87	57	72	10	1688	SAS	23379
45	1233	314	284	117	69	90	9	2158	SAS	32412
46	1672	353	342	149	93	104	15	2793	SAS	44412
47	739	179	160	85	61	56	11	1356	SAS	22293
48	742	176	170	85	71	66	11	1395	SAS	22182
49	498	99	101	51	33	33	5	860	SAS	13599
51	172	39	42	18	11	12	5	304	SAS	4788
52	148	29	32	13	5	16	0	246	SAS	3900
53	140	30	30	21	15	12	3	254	SAS	3243
54	187	36	23	16	7	8	1	281	SAS	5007
55	823	203	201	104	51	67	10	1527	SAS	21141
56	211	42	63	18	13	20	3	375	SAS	5124
58	834	189	165	82	45	84	10	1451	SAS	23547
59	583	155	141	66	48	56	5	1107	SAS	15276
60	1762	422	376	184	118	128	20	3092	SAS	45183
61	2569	600	550	231	164	190	29	4459	SAS	81235
62	2119	588	444	219	139	163	30	3816	SAS	54094
63	1516	368	385	173	113	163	30	2859	SAS	44391
64	1432	353	309	137	83	118	15	2501	SAS	39693
65	1036	264	235	112	76	118	13	1936	SAS	26013
66	2166	540	446	213	119	136	22	3710	SAS	54678
67	1417	378	298	167	120	132	14	2635	SAS	28399
68	1252	333	278	114	82	106	14	2269	SAS	38463
69	376	103	102	46	40	42	6	746	SAS	10323
70	492	136	92	51	30	52	6	887	SAS	12993
71	2126	510	444	211	127	174	30	3704	SAS	55181
72	423	103	94	46	31	38	1	769	SAS	11916
73	637	144	107	50	34	49	7	1051	SAS	19065
74	801	228	197	79	55	67	15	1470	SAS	19599
75	745	177	141	77	60	86	9	1348	SAS	19220
76	805	244	186	114	58	63	7	1533	SAS	27204
77	926	253	228	106	80	103	11	1771	SAS	26076
78	1101	251	226	109	73	95	18	1937	SAS	29892
79	1949	514	449	208	139	171	29	3554	SAS	51234
80	713	198	169	74	54	58	6	1300	SAS	18402
81	695	164	133	71	41	67	10	1207	SAS	18270
82	305	71	59	38	18	31	2	549	SAS	6609
83	272	67	64	45	23	21	2	512	SAS	7302
84	215	49	52	25	18	15	4	393	SAS	5775
85	708	194	199	87	57	78	14	1411	SAS	19972
86	819	209	153	75	54	67	9	1440	SAS	23553
87	495	116	106	46	29	40	4	878	SAS	14607
88	557	129	114	69	37	51	1	987	SAS	14055
89	346	81	83	28	26	38	3	640	SAS	11045
90	482	106	104	63	43	47	10	891	SAS	13677
91	256	64	64	24	10	16	0	457	SAS	7245
93	173	46	35	21	4	13	2	298	SAS	3183
94	265	57	62	33	11	26	5	477	SAS	8316
95	846	211	214	107	66	91	20	1661	SAS	19743
96	560	148	143	69	33	62	8	1082	SAS	11457
97	407	153	172	74	40	68	17	1030	SAS	12291
98	927	226	225	105	86	86	18	1750	SAS	21456
99	1147	290	259	112	72	90	15	2049	SAS	28687
100	786	180	178	86	40	68	7	1407	SAS	24246
101	572	157	120	50	41	41	7	1040	SAS	13068
102	632	157	129	74	43	64	11	1162	SAS	17673
103	352	98	73	35	27	34	5	641	SAS	9383
104	246	74	50	27	23	15	2	453	SAS	7602
105	1899	488	360	198	132	158	23	3359	SAS	57348
106	1516	355	343	141	129	121	21	2689	SAS	37572
