pop	N	Fitted_singletons	Fitted_doubletons	Fitted_MAC3_5	Fitted_MAC6_10	Fitted_MAC11_20	Fitted_MAC21_MAF005	Fitted_MAF005_MAF01	block
AFR	8128	191.636563878345	47.7235278805668	48.5397935364795	26.182173658931	19.1101154128289	23.9203409046116	7.10848472823778	0
EAS	9197	196.015354106467	43.1999915104448	40.4901431575616	19.9825482816903	13.5129880488723	15.966001821328	3.74981922748206	0
NFE	56885	556.925130136087	185.64703414294	188.485420128658	89.4835271846569	54.3660195519601	67.448465422563	1.86980976332896	0
SAS	15308	320.853654653152	88.3792016783797	86.4305087991807	42.2454587936289	27.4975706090501	34.9601399760889	4.40146851624156	0
AFR	8128	363.198946801767	81.6703389574455	80.8194158853821	43.0417511651105	31.3316253066229	39.3089889250967	11.7484933981349	1
EAS	9197	324.524240163173	81.4536392362725	78.9740014532007	39.4301709885926	26.5828674759347	30.9447534355443	7.10165192260563	1
NFE	56885	1095.67518362917	355.507788185793	346.38729100614	154.495556939845	87.9630008661104	94.8409236324289	1.94250218600533	1
SAS	15308	569.050831069808	124.100357590665	117.503808747603	59.0706056961015	40.7307840636262	59.1122707142558	9.02111918800219	1
AFR	8128	163.961288628255	40.8081121497433	40.5177305932461	21.0624977616031	14.8115325946108	17.5102815832968	4.86931701982309	10
EAS	9197	163.602129546158	30.4685569090474	28.9539104383522	15.1956474760048	11.0711035467982	14.855841754587	4.07553458154418	10
NFE	56885	577.679178920155	181.57332231943	165.054895330942	65.474972045019	32.792203432083	27.1074679103721	0.290841658946259	10
SAS	15308	280.219864726541	67.4736031953096	59.5517610039009	25.858844223424	15.164187636437	16.1772516677592	1.59495528856373	10
AFR	8128	461.237628831809	105.189395742382	103.305420920893	54.1941421812547	38.8146621666852	47.4675492053846	13.7695786851892	100
EAS	9197	458.036325965713	107.534132116732	98.1526119626777	45.51507873772	28.6836079164811	30.1664444653481	6.12090945479875	100
NFE	56885	1625.61652319232	424.800917312368	372.852357608665	154.464354674732	84.9274661416165	89.1907830808735	1.79799685387978	100
SAS	15308	716.519005226817	169.257845850563	156.240591476012	73.6254723079068	47.1347334970815	59.1606130430808	7.38735906762166	100
AFR	8128	319.097500709376	76.3255780396234	73.9670119176075	37.4944014175191	25.81843747984	29.6416675967054	7.97504529742818	101
EAS	9197	282.489005012928	74.4106411669266	71.1470133620318	34.0994537716019	21.8882381415755	23.4493530655519	4.84277800850184	101
NFE	56885	1063.01746931819	286.15657033181	264.732662378244	118.778499001443	70.8229651295083	88.3666658268356	2.57336129127962	101
SAS	15308	541.199421141978	137.046183708997	124.304699646115	55.3760899980062	33.1038416682722	36.3401123904323	3.72465144619558	101
AFR	8128	364.668491110747	86.8390391885828	88.3052694095359	48.2237436573411	35.7947206810446	46.108268305	14.1798655835288	102
EAS	9197	364.256009535534	91.7337555778038	85.0498109529196	39.414150128064	24.5838408389188	25.2707783716058	4.96435729785807	102
NFE	56885	1278.80191652514	335.20004448909	308.519835888388	138.858393886764	83.4518482597351	106.517919333536	3.26153901318196	102
SAS	15308	578.009864490037	135.501286366281	128.414210860243	63.2638923952698	42.4199153780526	58.0614867994535	8.16942976918281	102
AFR	8128	221.691322390928	57.8460801142093	55.23502995598	26.513874965337	17.0702956368535	17.555792617364	4.12379944127919	103
EAS	9197	252.863173347831	58.67004169575	52.3001638241572	23.4309876854341	14.2723605336946	14.2407533880406	2.70431952509136	103
NFE	56885	785.365962158873	178.092365144366	159.547145475408	72.6607081779992	45.1492645961023	63.612952671779	2.4034421116076	103
SAS	15308	325.865914018143	81.1925960244209	76.2370899722279	36.2304288215622	23.2342270593122	29.0845837936821	3.60679213592261	103
AFR	8128	138.41715550592	35.6772898959851	37.0304712347701	20.3897126338876	15.1384566297322	19.4078160762612	5.92176469011056	104
EAS	9197	166.217466601097	28.7204887498309	25.2352061221424	12.0393143055241	8.04837316221744	9.47500786512954	2.23149301737998	104
NFE	56885	615.948925680074	151.471287297707	129.927651444249	53.1873698906131	29.1911975028307	30.8855559842874	0.639426834386495	104
SAS	15308	224.500976565494	60.1242744242733	55.2662082840941	24.5757164291722	14.5260340590261	15.4998741740811	1.51573725591274	104
AFR	8128	1102.26505810404	257.286225844389	249.856019790782	128.013575210171	89.3395097616905	104.867017227078	28.9825122774712	105
EAS	9197	1151.87306501993	255.93247806597	231.260458335734	107.524253594453	68.4100514994281	73.3677987376829	15.2923420311531	105
NFE	56885	4030.55734348838	1004.61442799931	885.396971902412	377.865187651923	216.359166800092	250.218401400461	6.28207125633752	105
SAS	15308	1756.70497508103	412.850479889614	380.443273114543	179.099930053771	114.61729454485	143.840954705499	17.963164060527	105
AFR	8128	1001.72603738749	219.830437515385	207.443353705348	103.569486843685	70.8830036221142	81.0961716751703	21.7913582694286	106
EAS	9197	931.042357083168	194.572721686377	177.27085303997	85.0672085989386	56.2432225264973	64.3642948510385	14.5674601385373	106
NFE	56885	3029.26436943169	832.791241834956	758.743265595328	327.868128874759	186.939476792946	210.276780066762	4.89696215623816	106
SAS	15308	1441.42326204656	344.314473848598	320.143677066837	152.040340872042	97.9778137266136	124.33339296045	15.755061792025	106
AFR	8128	144.536309216748	36.6221136485568	34.2714207038067	16.0926212121648	10.1677755152099	10.1876227082167	2.32092487408483	11
EAS	9197	155.709900471886	44.3534762344371	41.965536588144	19.0705382369494	11.4113158170986	10.8248811014143	1.90197531244629	11
NFE	56885	433.670622461463	136.835131740082	134.822973233732	62.4803349456328	37.4096305872379	45.5199504702027	1.22470201619172	11
SAS	15308	227.286623470743	55.3169275725275	53.7064317262424	27.1519819748035	18.6095861888938	26.442483473198	3.90456604505832	11
AFR	8128	225.988112072622	53.4944378772627	50.2527450424431	24.3379001242235	16.0197020729146	17.1828237744418	4.26512817402297	12
EAS	9197	207.809744885191	54.8826391339979	51.8568019743227	24.3355793973882	15.2712970677689	15.7741377763591	3.10993229509135	12
NFE	56885	710.36839165719	211.386269965551	198.640374157954	87.0953400010144	49.6442733968936	54.8477834168881	1.20979503402536	12
SAS	15308	351.155693815128	95.8211931708504	92.6650635122161	44.6177273541066	28.625037950014	35.4635505378237	4.30760545473519	12
AFR	8128	455.079447032397	109.327853632358	108.96532290601	57.5958101903741	41.3469113447821	50.5757071812773	14.6516822807024	13
EAS	9197	438.43697210053	120.817360456477	110.43758282792	47.9507394723379	27.4708170735835	24.4097124224047	3.94127472148302	13
NFE	56885	1264.40686332864	440.898124295768	439.971641298868	195.900499505271	109.108849363829	109.664626201504	1.86793209272616	13
SAS	15308	713.594631737834	188.065680698094	176.060976572692	81.4019271563339	50.2989547395775	58.3741477550774	6.47229672500363	13
AFR	8128	581.982982802592	129.666119969651	122.065660290842	60.4540484841266	40.9794347226975	46.1612777283425	12.1730529871632	14
EAS	9197	561.441202783871	135.066501057268	122.958875316089	56.2650541831779	34.8597888433941	35.6102043997553	6.95608174978124	14
NFE	56885	1820.86109166938	529.785549721084	491.462542941286	213.019427540023	120.457493418081	131.447379921589	2.83281080081504	14
SAS	15308	887.981639503426	221.018249135474	208.216781910208	99.5291013990756	64.2226234639264	81.3310314050135	10.2515847435692	14
AFR	8128	570.887728540695	158.882190377529	164.067127758564	87.3689392474494	62.119595268673	74.0357822846399	20.6951544449009	15
EAS	9197	567.236482240481	159.40265734617	151.390085520018	69.7188186925237	42.4331391663687	41.4387392986666	7.5706186053418	15
NFE	56885	1542.22349694399	537.895563278711	542.787390357108	247.163385066336	141.365022373963	150.751683136505	2.95400698445966	15
SAS	15308	819.444888636152	240.598119356026	232.955629235399	108.676141598052	66.5363674480755	74.7217693607861	7.82249111505727	15
AFR	8128	505.579401542384	123.479979841413	112.501033881709	51.2495639786235	31.5373502006561	30.4542303211327	6.64051628752285	16
EAS	9197	541.152259307652	112.394953994797	102.881311166583	49.809710762049	33.244317914233	38.6285495500301	8.90817924763156	16
NFE	56885	1448.40128778131	435.117501320365	406.412210915185	175.200774751446	97.7656235519312	102.856492574522	2.02685444686138	16
SAS	15308	714.845048536648	188.989764874093	177.54080988666	82.4635894766558	51.1781613708398	59.8521441231975	6.70890820248957	16
AFR	8128	660.231760277693	169.243534250599	167.565530064232	85.8797391979291	59.3174251375534	68.0644667100151	18.253974382265	18
EAS	9197	667.029636603191	175.681939812477	164.911193431391	76.6192801339838	47.5939671340403	48.3817160452647	9.3471843654198	18
NFE	56885	2021.97128081791	661.92210145838	631.742171947269	268.8480759489	144.577241069238	137.218344554008	2.07089133784912	18
SAS	15308	1074.02079154187	276.004443102947	255.610747770486	117.266260726548	72.1500281832247	83.3453539670586	9.19603892354974	18
AFR	8128	354.783409847919	98.2408237179582	96.2416879848462	47.0753452790722	30.6399929896937	31.8597211624897	7.56255955856197	19
EAS	9197	393.353905822716	85.7486647416169	78.0768791157957	36.965721562623	24.0059608287011	26.6290546475405	5.79203085422725	19
NFE	56885	1176.3617997948	383.520129135449	363.141058820812	152.520477882365	80.8538428710601	74.5061763934232	1.04610550633601	19
SAS	15308	572.328273105653	138.522560479135	129.56142403843	61.8328114032735	39.980295133642	50.9798959750753	6.4985349690559	19
AFR	8128	301.796739754027	78.3337192078734	77.8586161435575	39.9786404717073	27.6236811643111	31.683520091867	8.48858175022588	2
EAS	9197	315.449578129409	80.8305517008086	78.1394856873671	38.543049807411	25.5931264960111	29.0240906819852	6.44415072963532	2
NFE	56885	1017.96528013492	331.766428156088	314.948589904204	133.003731138761	70.9697640608845	66.3250262221872	0.964648670486243	2
SAS	15308	509.921437497132	147.001349402847	140.674785763256	64.8535651057099	39.332047862139	43.524595474586	4.46529484369696	2
AFR	8128	254.283175084384	52.5126180111261	50.3083650251339	26.1016435223026	18.6581312858278	22.8798774996943	6.67607528581904	20
EAS	9197	239.774397712915	55.6493687395698	51.0265242961162	23.9333563705734	15.2827580139557	16.4269796446304	3.42725453109491	20
NFE	56885	810.610580154476	234.237391406291	218.978067298805	96.6424791934264	55.8379879097036	63.9967207299829	1.53910178964758	20
SAS	15308	370.554990158798	106.000789910186	95.9554806946101	40.1034046421648	21.8527401641875	19.8912992264557	1.50739632719532	20
AFR	8128	116.090340290447	30.3372440945316	30.5885606551402	16.0309935392526	11.3021334146712	13.3644540864464	3.710706909202	21
EAS	9197	126.080893326618	25.8242041440211	24.8768172536379	13.0358965873561	9.41550935417197	12.4024322096859	3.32236477156848	21
NFE	56885	475.958223679389	131.182983804089	121.212118498288	53.6568764744413	31.3953597359212	37.3770147684038	0.983283504585534	21
SAS	15308	219.566835692082	48.1605358026385	45.2277888880637	22.418384147066	15.2339402930289	21.5048869489887	3.16319667360859	21
AFR	8128	114.892693141555	28.3436396734211	29.6592845680948	16.738644967934	12.7937161070262	17.2010591837955	5.5479528040337	22
EAS	9197	117.591447039229	26.3962282159984	24.7517866930316	12.1574891258735	8.16646879621704	9.53474928719691	2.20580196158696	22
NFE	56885	434.655144553939	100.674908537803	91.0009269278825	41.735814070592	26.0505684205893	36.9733829821288	1.41359693882654	22
SAS	15308	192.22088282163	46.576000574566	45.2569840590569	22.9422697334647	15.7756238286272	22.5632403510039	3.36168109610652	22
AFR	8128	136.670084161386	26.6970185154435	26.4570677517685	14.5788940392098	11.0916106703211	14.9854773373719	4.88675480926794	24
EAS	9197	120.348506639277	33.6672159259533	31.9044032436744	14.6670923423823	8.91723880725803	8.69801433103247	1.58711978848918	24
NFE	56885	425.920838679316	128.988831275903	124.250362513745	56.4947510614776	33.4103763160627	39.9185396628284	1.04116395929825	24
SAS	15308	188.245533110408	57.5331125331054	56.8147213331427	26.9051461288408	16.615110171457	18.8373925482879	1.99230332369422	24
AFR	8128	530.147790671769	125.565821420462	117.33950013472	56.3438324432037	36.7608655807219	38.902333359178	9.50077975097958	25
EAS	9197	502.220618333611	112.219272892425	102.909145401668	48.8885850297422	31.7697764945494	35.2127740731833	7.64421321379294	25
NFE	56885	1695.73743438917	499.347967029364	452.589737427286	186.384901677884	99.212206929171	94.758480684599	1.49306902277308	25
SAS	15308	818.55679367674	206.362229991102	187.653571998675	84.1209454876567	50.6567365635219	56.3902517887011	5.90208123185454	25
AFR	8128	511.697674637589	124.459736698086	123.77532955581	64.9662086545462	46.2500966116103	55.8076821652452	15.9071716771139	26
EAS	9197	545.651793445317	125.555741903547	117.714588207426	57.3613116660676	38.1189956549999	43.6738632193803	9.86444527479436	26
NFE	56885	1550.38736175646	494.793998237801	474.850155414281	207.813471570738	116.251272661752	121.085341402261	2.29919369180039	26
SAS	15308	899.481817159556	195.633532602572	177.568841281764	83.7156119441469	54.1483740716523	69.8247742141052	9.09132062952774	26
AFR	8128	408.834957340712	94.4834864339907	92.5858984498649	48.2304882539682	34.2581130648277	41.334553562202	11.8000757099667	27
EAS	9197	444.46590955445	92.6972497921403	86.2781996470836	42.7868912277912	29.2326766940133	35.231650737386	8.49034049660293	27
NFE	56885	1460.39271750053	411.641145795306	376.282272168718	161.46621149336	90.898695692722	98.9175577016618	2.1313919375987	27
SAS	15308	721.556303116962	163.517591900988	148.7847106991	69.4911275878723	44.3119594706445	55.4472784315025	6.90993788384131	27
AFR	8128	1062.46441074809	244.533496366545	244.989828941087	132.06653226791	97.0871606063132	123.481332912821	37.463216947493	28
EAS	9197	1010.20654971048	206.117454976806	184.576906061935	86.8575560022705	56.4559672309004	63.0025982846617	13.8379732412122	28
NFE	56885	4087.54283628996	1000.65948271153	871.882721963799	367.661548087932	208.462227415375	236.725338593841	5.72943953217376	28
SAS	15308	1675.68526490709	380.753895849948	350.32223483168	166.394864845282	107.900216549034	139.217250185485	18.1007985734612	28
AFR	8128	187.732117184335	54.2229777288266	53.3503708196908	25.8072575925052	16.4842088802528	16.5730874285331	3.76541363074386	29
EAS	9197	210.847174047513	49.4811194559567	47.353626946566	23.6801718944532	16.118079065242	19.1545575933995	4.52014239376462	29
NFE	56885	766.046105611444	204.808358801499	187.578542782518	82.9457985431335	48.7458504284017	58.9528436368337	1.61064706442285	29
SAS	15308	305.508087102357	79.766495038806	76.6831822640571	37.2164461833913	24.2361155927927	31.049790218498	3.96556781062468	29
AFR	8128	839.254505335924	209.282153585274	200.732349291396	98.7236837320389	65.5885878797102	71.0615730041195	17.8163020555077	3
EAS	9197	879.512981270836	194.436955551447	177.466340462882	83.9689872233003	54.4104096207274	60.0838717793584	12.9891054998981	3
NFE	56885	2715.43714273186	833.911875667464	772.087969255973	322.829541958541	173.038869224906	165.972733230338	2.61520527296017	3
SAS	15308	1363.06338946281	326.520157374375	299.594087223315	139.097961830575	87.5384279932432	106.300099674573	12.6596928383396	3
AFR	8128	637.745742418987	157.533213635954	146.207513162966	68.3856915577555	43.1870891833481	43.3386344527386	9.90394254078072	30
EAS	9197	580.215934072037	142.918670192846	131.358745054544	60.5216627019428	37.6403331352849	38.5978108949594	7.56751179291102	30
NFE	56885	1999.41590583529	554.782992643607	508.162850516621	220.685175612173	126.288733261046	142.930062545222	3.36828464081455	30
SAS	15308	936.004632793598	228.504874892833	212.758703182526	100.480635442574	64.1983184681294	79.9950569114408	9.86877830889957	30
AFR	8128	1242.71124339454	307.523160227886	289.341577774184	138.313945884035	89.3229972415816	92.7323603000242	22.0875083876315	31
EAS	9197	1206.39102459217	280.756992077764	257.625112611078	120.866202586731	77.1732821301786	82.9215000512942	17.2905891765836	31
NFE	56885	4342.62004843211	1286.98716398156	1170.45411056559	483.304843558327	257.645971628495	246.475183715186	3.89282142459035	31
SAS	15308	2049.78322099755	504.179301696017	463.320679798855	213.526844162373	132.864080936943	157.536412907806	18.1038477357446	31
AFR	8128	659.310836453909	171.60017544114	162.659708555022	77.2082540352682	49.1446816996074	49.6769996178503	11.4258986239137	32
EAS	9197	674.856331971415	153.023397813873	140.635234848198	66.7253065177411	43.2310599917539	47.6359846318627	10.2604021527868	32
NFE	56885	2152.99302930089	660.069942362792	617.234993913046	263.411499380866	144.604770086714	146.079901458472	2.60694471948479	32
SAS	15308	1027.92661482845	271.269577521544	255.553690272822	119.361320891239	74.5373359216381	88.1970296669833	10.0562167185897	32
AFR	8128	1151.0256166359	281.762336503355	264.090329575438	125.95422315195	81.2654945837135	84.3249208513678	20.0821115050783	33
EAS	9197	1181.92104784318	255.527993043069	229.057887542049	106.094191766285	67.4525872243318	72.4127101071712	15.1283726198973	33
NFE	56885	4063.16873820065	1071.3120969771	961.100259741083	412.36202786737	235.143730335118	266.762277691733	6.37229783830407	33
SAS	15308	1797.76599952459	422.589911447724	391.151020661642	185.448389296488	119.540813173619	152.031576714954	19.3415402619821	33
AFR	8128	641.245564013783	142.437449636799	129.547715333802	60.8639244922223	39.1361645431563	40.7082485094819	9.76093347075449	34
EAS	9197	673.783031730013	127.809789241744	113.545490087948	53.8418097218061	35.5058262543609	40.7138411314019	9.26527685908833	34
NFE	56885	2244.49107977671	607.283190679243	529.982382192777	213.31095941055	112.80837619866	108.335706675398	1.76198258066712	34
SAS	15308	1102.17252195303	234.835643091397	214.082494142807	102.251791540637	67.1561520032387	89.2295963287629	12.1149497651934	34
AFR	8128	130.198225638029	32.4085002973381	32.3069368540626	16.8984581779734	11.9578799848728	14.2729277440155	4.01385508749266	35
EAS	9197	155.677408636104	36.1562861724398	31.8735244239602	14.0126207038635	8.36865841343541	8.0942291060355	1.47673722817626	35
NFE	56885	449.977767411104	127.161668035841	116.720324949755	50.4000091174059	28.5551253282113	31.4945764113822	0.698923483145879	35
SAS	15308	223.999961956484	53.1054948781883	49.1337656965292	23.2098170864495	14.8891944472039	18.7514504250155	2.35211253983174	35
AFR	8128	557.549798661921	156.483351118162	146.085566532851	65.2849018875441	38.4651829253759	34.2441115420132	6.68640994008981	36
EAS	9197	502.315796995376	131.241203332945	122.807835467673	56.9450502980835	35.3433162613522	35.9110457397266	6.93678283268069	36
NFE	56885	1845.5111621849	541.509136228478	498.269914665673	211.673143530471	116.809212627499	120.625305545113	2.28861170434334	36
SAS	15308	954.459552623076	221.840863706219	202.818301137137	94.6347106313589	60.0966279756948	74.439145911689	9.13307780756999	36
AFR	8128	434.603726742513	107.746506199256	104.700088083777	52.6825388221566	35.8555770456591	40.3284929786109	10.5757945862307	37
EAS	9197	388.247119254846	87.7482084269501	85.7199630245944	44.7226586176388	31.8847277641875	40.9004234912988	10.5903163002769	37
NFE	56885	1354.96971410374	429.881615839404	405.239810267323	171.875082897064	92.8638675109279	89.8251481234715	1.43246776694163	37
SAS	15308	657.739961245626	176.013266808644	165.338220043139	76.3843481557848	47.0430055092399	54.1521229525775	5.92633350094778	37
AFR	8128	720.111538926436	161.32367877652	155.945114735858	80.2807748856975	56.529352903937	67.4401092954768	19.0194537318872	38
EAS	9197	714.297009208652	183.681904628808	171.592087465051	79.8647093766001	49.8863693134275	51.2915261929852	10.0676816609625	38
NFE	56885	2388.19944693252	716.777669740002	664.491412353327	282.536862084121	155.251570849756	157.993916109899	2.88285112119687	38
SAS	15308	1149.1391934887	279.393515104077	259.45619810003	122.190803854392	77.8850332252642	96.6701669901328	11.8634048320285	38
AFR	8128	424.071234957267	118.431473127727	119.646965488317	61.3997114687251	41.9832171654942	47.0794258712474	12.2401319212201	39
EAS	9197	413.917579475278	94.0259237399204	90.630018717951	46.2725172871884	32.2710159272802	39.9565331644739	9.91793593733379	39
NFE	56885	1416.15671309579	432.259722568404	415.327631794094	187.13224576828	109.359450112317	126.965754796548	3.10820590017013	39
SAS	15308	666.902458827277	187.595822690769	182.322766384306	87.3778698166938	55.5055324938401	67.2207305895133	7.88633384194934	39
AFR	8128	174.296911513304	38.498791112429	34.7338847794594	16.1410989596362	10.2711413350393	10.5209503443851	2.47674024843033	4
EAS	9197	213.041708053284	40.6396185466154	30.6852588571342	11.2044353117157	5.67350886827449	4.32948103821865	0.58183932475701	4
NFE	56885	593.648622625324	166.778728929162	150.941613253292	63.6985930128613	35.2259696573302	36.904393206851	0.73017104000843	4
SAS	15308	255.394438755499	71.3053032987316	67.0368500066401	30.4157352671015	18.236776527521	19.8557037664444	1.99404248073011	4
AFR	8128	361.377798220045	89.7831986000121	79.0597408577549	33.7378230640693	19.326331216978	16.7102061132705	3.16680073739318	40
EAS	9197	375.968650635838	73.5933629654569	65.6766285886667	31.099087814587	20.4211431351243	23.2175574441974	5.22409930304453	40
NFE	56885	1111.71123020082	338.627012019111	308.932904033272	126.135790186994	65.9171867659294	60.044682661849	0.834862334782155	40
SAS	15308	545.059245381406	133.889722834711	117.77843817362	50.4226711519642	29.0373976033964	29.9018898317976	2.79098284919432	40
AFR	8128	424.213129362412	103.511564686173	102.608227434413	53.5354794730578	37.8706962975294	45.2433365879342	12.7455912368508	41
EAS	9197	418.680336695351	102.633021701391	96.8336968820709	46.6582186948035	30.4175235820826	33.6301628531131	7.25004929992281	41
NFE	56885	1179.19274374045	387.449769555399	387.003743207483	179.670238842924	106.779576361939	126.401631539878	3.1788032291565	41
SAS	15308	640.740663922144	174.46304862757	164.558860865865	75.9803942300573	46.6304479055947	53.202024387597	5.73913215061315	41
AFR	8128	693.30746514161	169.212251320209	168.111762949481	88.0086114669518	62.4676704118782	75.0152354861152	21.2602135241839	42
EAS	9197	701.877637283494	177.238666177789	164.087731395897	75.776488047625	47.0721882061532	48.0624132151048	9.35956489169362	42
NFE	56885	2428.24003192188	733.068415095692	689.378814899774	300.182889103848	169.227485219675	181.851055559734	3.75719998295448	42
SAS	15308	1259.7667325711	292.211866065123	262.140204318751	118.684029198186	73.0870918230131	85.5886001092917	9.69781365441414	42
AFR	8128	313.358523771386	86.2289154743418	83.8960925739007	40.6689171823325	26.2443797509554	26.9472274040854	6.30045187219436	43
EAS	9197	319.651361070268	62.0019046589242	58.4607029867238	30.0789326508963	21.43589707727	27.7251101476316	7.27999039818451	43
NFE	56885	1166.1634044931	304.528037853144	272.923953996624	117.427184419577	67.2817870199993	77.272326294827	1.89835924928221	43
SAS	15308	553.318251946217	127.27304786393	115.401395693172	53.3247151755593	33.5710572681551	40.9705523417416	4.92575847229098	43
AFR	8128	539.439939713887	111.321511749823	108.941343941867	58.2937227205089	42.9420203735065	55.1125575911021	16.9411803391164	44
EAS	9197	571.286983741708	117.678685979173	104.387191718199	48.2758160035778	30.8086322470282	33.3869564288027	7.07001959579515	44
NFE	56885	1747.44888114807	523.214547399089	485.641771361297	207.272729951004	114.448518920834	117.769376178077	2.20643135593123	44
SAS	15308	877.514363097725	219.515424110746	200.746633783739	91.1517075687192	55.7042441751252	63.7660955572981	6.95684509527388	44
AFR	8128	764.942328077718	198.308777181952	178.053901241307	77.1194521335102	44.5616775936488	38.8624468561522	7.42789893968071	45
EAS	9197	735.96759724988	162.143562273827	144.182092813018	65.5260088651541	40.7746907997442	42.2589858012762	8.44115802399395	45
NFE	56885	2497.81339084389	685.610878198048	611.528327050835	254.357138817095	139.094486400943	142.962414089203	2.71924025258608	45
SAS	15308	1184.98878809473	298.766826843842	270.585409442691	120.456845255064	72.0047588193827	79.0797260524116	8.11333038529819	45
AFR	8128	1008.36057569404	236.517419843462	221.451244032169	107.015228677092	70.3590165036186	75.3887721330138	18.6961528529161	46
EAS	9197	933.153273030825	226.02697817494	207.743565123911	96.3281607535505	60.4503372759637	62.9765882081103	12.6080866188103	46
NFE	56885	3379.44232606499	969.285890062054	866.779991683729	353.382278046145	187.137718511924	177.910854518308	2.78893008407552	46
SAS	15308	1594.05906289925	351.086065834661	311.819080690101	141.452408558908	87.8603755522619	105.07653874038	12.3059306675181	46
AFR	8128	436.977207240763	96.3253824571296	96.4062974646897	52.4607854371295	39.07235534505	50.8166763071538	15.8326935763176	47
EAS	9197	418.12454297762	89.0998150169255	85.5935603334507	44.2405060007969	31.4213835680351	40.2111059085688	10.4012400407571	47
NFE	56885	1609.02257062805	388.856767040859	345.764539141521	151.823870912202	90.0342953638589	113.083493543216	3.38578377917652	47
SAS	15308	657.412297236761	159.290733173256	148.626539248741	70.6263355491447	45.4571231923979	57.466170505008	7.23746923628572	47
AFR	8128	458.887900420724	89.4247554751401	89.1831756860295	49.5967973081165	38.0710503699336	52.1399317844565	17.2633550417588	48
EAS	9197	419.434986220624	93.9599380566973	89.3796674111581	44.9068602599702	30.8639767772299	37.3729122839093	9.03642720233088	48
NFE	56885	1632.57687630875	383.043561837437	343.048647783698	154.231638171712	94.1463805267882	126.76567890187	4.37421027566618	48
SAS	15308	649.705757207565	157.855598025994	150.298240308378	73.715923575599	48.9956219734628	65.7360013061852	8.98548125873211	48
AFR	8128	276.432565044715	62.4697001684445	60.5341456030575	31.2019001769471	21.9791419360293	26.2224818499334	7.39369787393573	49
EAS	9197	246.780335824835	57.0039690462643	54.9639166591882	27.9407312710461	19.3680597092357	23.7220878244163	5.80894599706058	49
NFE	56885	1026.42904868194	239.776195026362	210.696574751418	91.9248302486148	54.4197557266251	68.4553480742475	2.06411079198447	49
SAS	15308	448.671923948886	95.6106221670394	87.1799056549598	41.6515545834184	27.3630570223215	36.3747969725555	4.941964069427	49
AFR	8128	519.640949908621	131.388954127145	127.349296431486	63.3876347345284	42.5597328616306	46.8100225325244	11.9429294040629	5
EAS	9197	568.935213080352	135.613521480578	120.46274250539	53.0977495297128	31.6794863789589	30.5168681009691	5.53109548190161	5
NFE	56885	1799.02020560131	518.647976505471	476.870849144983	204.329367797175	114.294442301421	122.044954050977	2.50912689809533	5
SAS	15308	928.961976889246	209.857335052816	194.53539806584	93.6716834323981	61.6308677222723	81.7271181338288	11.0360847131124	5
AFR	8128	108.345246072688	28.8679526245711	28.0699123881718	13.7731604416774	9.04643232400224	9.57524270301461	2.32711673701354	51
EAS	9197	107.963935741022	22.5967477831419	19.8928288260819	9.04703638115265	5.66750011100942	5.95926972191155	1.21465969655021	51
NFE	56885	406.131816314052	111.425698892022	96.4183856315549	37.8845716545568	19.442206905658	17.4877319612758	0.241727195096747	51
SAS	15308	170.761151685035	41.9889039570771	38.8658099392667	18.129670267022	11.4243833754284	13.8654759948202	1.64735478135083	51
AFR	8128	94.1591325811561	20.8915474303814	19.3079968482145	9.30557151757055	6.14049302480813	6.6426826647054	1.66971879030709	52
EAS	9197	91.3560248434809	16.7266219431374	15.1373364928994	7.43855718901804	5.09368781010711	6.20690042211767	1.52112607630951	52
NFE	56885	313.022505248786	79.7594786479231	71.2113499188987	30.7822974059163	17.8019163154957	20.9611303310151	0.545069741905704	52
SAS	15308	139.988409886218	28.7202216943549	26.4608919868057	12.9806942506312	8.78755653198891	12.3855180912239	1.8230490221928	52
AFR	8128	92.6779082783684	23.7634762972079	21.4101134378276	9.37646563469049	5.49303200664842	4.89798210988087	0.963722235376066	53
EAS	9197	85.2568194473301	15.492122528533	14.8337534346493	7.90585581290697	5.85490709674442	8.07022356304529	2.28477965525243	53
NFE	56885	245.942400341881	82.8546162875551	80.4221348073932	34.7017576908792	18.8119240964499	18.0125627358633	0.275474575692202	53
SAS	15308	141.638061003072	33.0564249327071	31.9644105011155	16.2701238250365	11.2805681453469	16.4444931760537	2.51696959777035	53
AFR	8128	116.071596987231	21.123113787327	18.6882205405062	8.89845972906936	5.9128766576612	6.5406929378531	1.69812228718091	54
EAS	9197	92.6707556790348	15.3332745323716	13.9658808516066	7.07234871666215	5.02021640881634	6.5012861149487	1.71568736098946	54
NFE	56885	383.113077370476	101.641756462965	88.3648440861204	35.6907246090099	19.0268419080572	18.6588155273087	0.320166451158105	54
SAS	15308	183.698037259984	33.0298860553847	27.3716105246634	11.8506001399817	7.18120643038163	8.36150028914786	0.952105919673478	54
AFR	8128	488.823021426383	114.877267991793	110.511640923055	55.6880434941099	38.1923759911474	43.6339424138701	11.6792539781309	55
EAS	9197	471.391228291844	113.532598100155	103.84159614212	47.8665569347332	29.8781722858532	30.8801653906767	6.12199672323066	55
NFE	56885	1615.18213748942	492.108441276865	459.143110442045	195.849146699585	107.619902023204	109.119193862754	1.96718787882293	55
SAS	15308	774.169213080395	198.076586988079	185.604962322514	87.0079460969223	54.8002184215467	66.1361964912808	7.77455046959728	55
AFR	8128	137.887691709933	34.1192417391036	29.5542157902836	12.275017414525	6.83540013526322	5.66426969895752	1.01644697650067	56
EAS	9197	118.937878012101	22.8547952425344	18.8886846970114	7.98496808385638	4.69195322499048	4.49436552496495	0.816674586270041	56
NFE	56885	426.214242213996	114.20592992803	105.431024582893	47.228222013251	28.1343241685121	35.0611043310643	1.01916085941959	56
SAS	15308	197.478196153736	48.7528803830997	45.9065488413425	21.9918589522277	14.2383595899183	18.1608468013162	2.31322927835901	56
AFR	8128	495.756838948892	120.023287981261	112.681096784928	54.0988200499576	35.193916539495	37.0153366577119	8.96495742371923	58
EAS	9197	467.271781200194	103.357139439476	93.3119015199905	43.3887837494469	27.6220467733798	29.6626975537755	6.19395674048286	58
NFE	56885	1614.0999797034	474.58666939092	441.05287936832	190.690192733388	107.281365491255	115.487050608243	2.40872973481536	58
SAS	15308	784.683140366254	170.818543875629	158.784272753787	77.6539527145407	52.1043072320916	71.8899453257659	10.260140971076	58
AFR	8128	351.65101557048	81.7319634115025	79.8699013655802	41.3654531263979	29.195233516926	34.8723839148187	9.83745062882036	59
EAS	9197	309.539277937615	75.6880484442033	73.0285454341173	36.5041295737252	24.7185730606012	29.0405096220704	6.74736305757512	59
NFE	56885	1141.38189114625	346.045283631175	322.724159936105	137.95814493742	76.0868325190016	77.8578135055199	1.43574723422392	59
SAS	15308	547.358312483153	142.051996968079	135.191078850411	64.6747676186364	41.5242208097503	51.8452088233887	6.38916783411482	59
AFR	8128	319.657886977002	88.1708022446785	85.2915903715716	40.8991847532584	26.0804155832893	26.2842480980611	6.00523396936714	6
EAS	9197	352.742925275935	90.3981759499845	83.9926079589927	38.7915999811863	24.0463164791801	24.433184733792	4.72486675097609	6
NFE	56885	1119.04485531626	358.189617049988	336.755398371673	141.22141465595	75.119268710776	70.0953268315378	1.02089086613744	6
SAS	15308	532.567163773924	141.754083999527	136.408526522939	65.8069746578962	42.4667436014229	53.3614234838681	6.62404947766317	6
AFR	8128	1035.67749354419	260.916905337479	250.821714002648	123.357926771904	81.8462613722494	88.4214955560268	22.0828851514845	60
EAS	9197	1070.38021631907	244.264164052705	219.865778130932	100.678150781073	62.8587710097833	65.3013262127058	13.062938828416	60
NFE	56885	3458.55216204226	1038.73050195201	965.463657655375	412.389522287285	227.747457717313	234.272017123177	4.38249556586564	60
SAS	15308	1675.20124657473	399.536160860622	365.642488435783	169.318075693109	106.330055565074	128.676129442977	15.2540727291185	60
AFR	8128	1400.94820682014	323.780831651038	306.843984904492	151.848051859499	102.445420662074	114.286104383471	29.7570684143572	61
EAS	9197	1414.00973589214	350.065083559468	315.99150801067	140.944910031358	84.6649871255564	82.127512622782	14.9894450846468	61
NFE	56885	5218.18110838963	1366.1218509824	1208.56619180377	507.427069923599	282.994752693952	306.327657978669	6.60741592148813	61
SAS	15308	2387.55989846291	557.318061859615	505.955129540826	233.044281464744	145.957827978744	176.173902024443	20.8348076169174	61
AFR	8128	1270.15859816951	278.665232427248	263.899978766587	132.479359020487	91.1666335551146	105.172991475847	28.5385360871222	62
EAS	9197	1197.95884830443	267.704423174686	249.152807348137	121.130115658995	80.5708939163396	92.6503450107639	21.0436133398919	62
NFE	56885	4124.62173067091	1232.6874991189	1139.02183776399	482.493187312427	264.266874140474	267.332497475783	4.81462718906809	62
SAS	15308	1990.60687482991	507.411577010251	465.588619517172	210.970878641891	128.277770346767	145.144128624137	15.547113294022	62
AFR	8128	864.531682699737	210.912357618885	212.749295873576	114.007239250351	82.8452675528968	103.138204043214	30.4790833961203	63
EAS	9197	925.991148304284	214.308283562424	199.630088378866	96.1125979888411	63.0524875502453	70.7476040731133	15.5708971140185	63
NFE	56885	3045.09220367319	856.619261223871	800.606999948771	358.104411060815	211.102868289837	254.50047638636	6.85296075961508	63
SAS	15308	1411.16480411134	354.451455338378	341.430479551679	168.652506021674	112.444845721115	151.211705557652	20.6959980318397	63
AFR	8128	859.22038274521	187.479275078947	172.545888316424	83.0428151503163	54.8197710031258	59.4070045291011	14.9724627029435	64
EAS	9197	844.12739915588	190.031046930185	168.856934663709	76.0807830787937	46.8006318926336	47.5502672671149	9.25361072370786	64
NFE	56885	2783.23452452785	803.897308736405	734.938957033968	311.222663367896	171.738336293961	177.982295594038	3.41599861337979	64
SAS	15308	1364.20618138743	326.807305781019	298.857776784072	137.99536646414	86.3513216601763	103.765339278384	12.175149268521	64
AFR	8128	622.214130523915	158.096362088924	165.087820887	92.123305583251	69.4245117656604	91.161926757264	28.6008807501521	65
EAS	9197	634.583699974249	150.715499452049	142.128392966112	69.1797325029213	45.7503627954736	51.8858287976055	11.558916255632	65
NFE	56885	2004.97224343944	631.059680217373	609.313297516234	272.149201001327	156.372935149538	173.464445305621	3.81585329014462	65
SAS	15308	960.729581736886	233.950317574852	224.128690840197	110.928261180461	74.3951670031155	101.482625584985	14.1859423398312	65
AFR	8128	1356.25825646	312.377745048497	285.637037819965	133.730489930451	85.3158464120835	87.453337992009	20.5720038532827	66
EAS	9197	1220.81885460309	294.899773935642	269.894766278404	124.399125842731	77.6110595468624	80.1290208434668	15.8620171796542	66
NFE	56885	4146.47235166912	1236.67762324212	1149.27436353319	492.797539590427	273.789950083511	285.80817265192	5.54043296467458	66
SAS	15308	2078.44874779418	503.047388372094	448.879532950563	198.163556161531	118.154069938603	129.823921365682	13.3687699402615	66
AFR	8128	860.723196627985	240.646746209765	242.230059813536	123.502553317942	83.8605686662919	93.0190583194273	23.8680006885412	67
EAS	9197	739.679378519256	209.595548390755	204.978865843125	98.975239050044	63.3023800807397	66.8953156053609	13.521846423765	67
NFE	56885	2653.08258176184	760.380151118516	727.970667464325	336.835287323008	205.32235688161	266.046999747452	8.2924550836833	67
SAS	15308	1363.58717879158	338.458449987273	320.349870318418	154.459751575066	100.6007593861	129.667821706909	16.7534598064111	67
AFR	8128	718.43738890372	174.488224028152	168.40794241079	84.4090119090494	57.3611252829272	64.4679122656697	16.9040736216917	68
EAS	9197	732.341841461783	167.716471283742	154.957891633891	73.9000581767716	48.0743575758987	53.2722351948358	11.5501626288742	68
NFE	56885	2610.97518546869	682.366499499538	613.157909327539	264.947930776105	152.488642748452	176.839031101628	4.43538089731386	68
SAS	15308	1147.99716465249	287.804135571874	265.905566032717	122.7299027432	76.2772754930253	90.0423473302894	10.2688933240552	68
AFR	8128	225.29977004529	62.2702484275486	60.6076718154953	29.3431106281146	18.8974156732684	19.3343375211721	4.49967018817832	69
EAS	9197	243.129627378472	54.9611580785308	51.1566887960013	24.7853578525678	16.4082847174854	18.7114017973461	4.20489663383465	69
NFE	56885	735.247672860807	205.849480993435	196.751812546888	91.7913617020917	56.6933050263124	76.0765473259037	2.55233549070242	69
SAS	15308	349.003811164121	95.7959933778996	94.5315702618981	46.9773565929602	31.1340917740498	40.9708962790686	5.41329931675551	69
AFR	8128	709.788798976716	175.789348248857	164.850454742527	78.3547523363916	50.2974718789653	51.7355286209335	12.183938153355	7
EAS	9197	724.92218497318	171.433914929616	157.988805293665	74.2219984137122	47.3608615149612	50.7685619049235	10.5474912871396	7
NFE	56885	2320.9507834695	708.176126379807	655.370949351343	274.907465060435	148.1399331708	143.959697624397	2.34500145494687	7
SAS	15308	1089.05836465759	298.969063595441	275.761265307288	121.926844272421	71.3024391225647	74.3339770739019	7.00188769392865	7
AFR	8128	259.833551600528	65.3981974675943	64.1694316900311	32.623207699309	22.3975090754737	25.5001529152763	6.78058468692144	70
EAS	9197	243.435241058363	54.3907957846868	52.2528733314948	26.6697232214391	18.6245206354113	23.1346494278696	5.76778404073608	70
NFE	56885	906.018474580636	273.514578423952	259.74204366789	115.211388599416	66.3169782708701	74.6239941739436	1.70951961026294	70
SAS	15308	470.068946821728	111.831438697385	104.651748046402	50.2881913708902	32.8165115286327	42.6430642927169	5.58527962555872	70
AFR	8128	1263.78083160331	296.06471353294	281.265450671862	139.128171907481	93.6788518263908	104.092213176497	26.9623536110236	71
EAS	9197	1275.68464158758	277.337267213931	248.486449417345	114.799808575261	72.7530265908595	77.6765013765281	16.1141215380552	71
NFE	56885	4268.76165481283	1218.92641565009	1087.02650612455	442.007859209273	233.615375904199	221.416691943876	3.44869804730087	71
SAS	15308	2061.35223982508	482.054075279438	442.16116909849	206.960773902917	131.750209512692	163.826449985386	20.2026249290786	71
AFR	8128	215.345394718401	64.6731119395446	67.198235661648	35.0790401719174	24.155729071346	27.1898836847028	7.07536945832182	72
EAS	9197	249.605939675588	52.9404495845363	47.3896824945419	22.0329120884709	14.0916580345216	15.2914279668745	3.24003120809691	72
NFE	56885	885.304136691021	225.22744471975	202.673330661599	88.879314647646	52.2112017991198	63.6605355820964	1.78156692424406	72
SAS	15308	392.985004895417	94.6862212543717	88.3665286263079	42.0904830355272	27.1763964971625	34.5786189262902	4.39575846843254	72
AFR	8128	322.589491142261	78.6594380427758	77.8164393077575	40.4834834624029	28.5567414504135	33.9700380018541	9.52214151830088	73
EAS	9197	330.741140103212	77.0652059050031	70.1936948101492	32.5258349927347	20.5020299900807	21.5829865159255	4.38616650642546	73
NFE	56885	1235.87158493514	322.219685915096	280.133027181991	114.183784021614	61.7021756505165	62.4813436239704	1.15925066777737	73
SAS	15308	601.915634251866	125.415616691433	111.606750602342	51.6940708050775	33.0006745850079	41.7037943226941	5.29145112978445	73
AFR	8128	513.352282097018	112.727824004616	107.823354284233	54.933734371748	38.358623006343	45.239231421565	12.596200567685	74
EAS	9197	471.367435048379	113.902720158147	103.94026186965	47.6703510552993	29.5863319512632	30.294181907504	5.93403326399678	74
NFE	56885	1582.48928238669	454.113552975712	421.221418537041	183.922019646759	105.165370430408	117.96305434326	2.70966220738603	74
SAS	15308	760.509012967001	206.31377380645	192.74261398293	87.6616295180266	52.9682836338591	58.7480824405849	6.08028936543334	74
AFR	8128	403.783594009321	87.7204102685521	85.5253495948746	44.9579440211955	32.4094102737192	40.1425639522575	11.8331416731849	75
EAS	9197	412.094687643877	96.2602901289927	90.7302094480003	44.3688490343457	29.5399079863694	33.9053223772072	7.67041002791393	75
NFE	56885	1282.19924694373	350.203232363933	327.466226323204	148.70769537085	89.6005459742134	114.154003430406	3.46240561237168	75
SAS	15308	680.653657381698	148.867558217451	142.355161343129	72.579183012135	50.7356179165265	75.5246156640559	11.9130491949742	75
AFR	8128	502.125950625136	112.060888524762	107.734167459153	55.0651264771592	38.512702581091	45.4873463853975	12.6807410242222	76
EAS	9197	515.673999649645	109.495761431922	101.367762731557	49.619582372181	33.4082716585057	39.3001699479955	9.19278725444314	76
NFE	56885	1762.53374516025	487.88544732562	442.041513677725	188.414280351347	105.675653219812	114.509977137791	2.4520986167561	76
SAS	15308	760.323496134545	212.623161692437	200.909949767913	91.9078370656964	55.5834212820496	61.4757304648312	6.31947208567394	76
AFR	8128	537.73134359103	130.613048323983	125.514109871289	62.4767781446847	42.1585929458459	46.8739285728431	12.134190182123	77
EAS	9197	570.549275147641	133.515908461245	127.306831134416	63.3554295166447	42.9267860391739	50.655225674454	11.8531177529693	77
NFE	56885	1980.0650934526	583.558771187352	537.036022417035	227.614404600493	125.152185194473	128.09942104585	2.37860938583459	77
SAS	15308	873.395454784892	228.598921841575	221.255322066702	108.486200668819	71.3829502734009	93.2133130137285	12.2228051656731	77
AFR	8128	659.070480722687	160.128944829503	153.852757909285	76.5562932868819	51.6393795645013	57.3801510506233	14.8429946927201	78
EAS	9197	668.912998024827	156.161893340192	144.251424922264	68.3295187825647	44.0424137251806	48.0226500253757	10.1972663172118	78
NFE	56885	2271.51622563576	626.476590324366	565.049281001266	239.311168303314	133.378279471987	142.672914000398	2.96973769148257	78
SAS	15308	1020.42148115219	229.984541864204	212.939937056286	102.417940266023	67.3261340747598	89.1535268872909	12.017130490674	78
AFR	8128	1165.11688877696	253.914367482297	248.981173168013	131.880296777271	95.7560756824188	119.88532927582	35.7750999145107	79
EAS	9197	1172.13326965629	262.706564546878	242.985950625275	116.885637872224	76.8958723437958	86.8789167727568	19.3088358018274	79
NFE	56885	4028.44691190923	1134.98295006827	1040.83414604064	449.397653916941	254.750457027084	281.484325176728	6.27531030647006	79
SAS	15308	1857.64535191357	473.301517798376	443.428988919207	208.161384774938	131.379119033153	159.249161488779	18.8424220483453	79
AFR	8128	466.576935858839	109.426771821113	102.430859642981	49.4814861947724	32.521012233163	34.8274841256209	8.63166275508837	80
EAS	9197	426.747482579294	94.2484134962455	86.6251921599025	41.4508052501534	27.1690382371833	30.551527865434	6.75447918729956	80
NFE	56885	1389.5333368288	412.773985822807	388.097585776179	170.505166218797	97.4431320099477	108.326823059551	2.42348053628653	80
SAS	15308	677.458728671241	179.685646797432	167.413438359302	76.5574251652327	46.7067968696919	52.8992829728165	5.65717962581899	80
AFR	8128	406.017905202739	97.2170951787472	91.9548820616513	44.8509059044359	29.6946094796316	32.1066990487002	8.04297611679518	81
EAS	9197	418.743676046856	91.6798527959562	82.9536106919579	38.8358286172488	24.9240236560945	27.1289332311604	5.76312759230665	81
NFE	56885	1267.01031775241	379.10155380047	350.368288121255	148.372059021782	81.2144990040489	82.0231055778842	1.47120418008163	81
SAS	15308	653.025857883207	144.648210556054	134.407548712611	65.3567498536501	43.5223129278418	59.1221746604849	8.25678086597043	81
AFR	8128	178.635717126694	47.1147204884066	45.7518845595129	22.4892405314731	14.820374190801	15.7818058892241	3.86559456328482	82
EAS	9197	171.179980482565	37.9824329816563	33.884163836602	15.4421393860368	9.62809781779427	10.0037774839264	2.00399516738261	82
NFE	56885	562.193427442412	150.889078960296	139.790745984301	62.9634498588838	37.7187921306774	47.5885551390218	1.4184608292332	82
SAS	15308	271.678958196046	60.3646878561	56.9202519171573	28.2843860304337	19.2424274854735	27.1922156447016	4.00313844385792	82
AFR	8128	203.516125193288	47.0767004712432	44.9413581697785	22.4878837328544	15.3405344437592	17.4032223825571	4.62215590208582	83
EAS	9197	183.577465633604	49.3225777353338	47.009268093265	22.2271186867169	14.0219597045554	14.5798625466876	2.89602615136896	83
NFE	56885	606.832902354617	156.704178049377	142.465302492292	63.1806854987729	37.4691494089027	46.5412566815109	1.35067966087058	83
SAS	15308	259.981591005202	67.2447546579106	64.4933197983827	31.2919056051291	20.3992498625441	26.2146515058779	3.36442990870232	83
AFR	8128	101.745579483984	22.3984911435292	22.4715530144643	12.2749510481416	9.17745143643588	12.0068672618186	3.7662386870977	84
EAS	9197	99.8873794514843	30.5349142091199	29.4925551394422	13.4071984209505	7.91113596365997	7.26480987045938	1.21582273435752	84
NFE	56885	399.259654581069	110.465603536787	104.564475747409	48.2249755873216	29.4791312262272	38.7175567635284	1.24656626733305	84
SAS	15308	195.935527354937	48.4992998468342	45.3892513822749	21.5067186652119	13.7620616474	17.1707196567086	2.12039091228267	84
AFR	8128	390.049976557418	100.256173894111	100.76718102152	52.8390975034959	37.3472466517576	44.3922519240965	12.4089193129669	85
EAS	9197	400.922873421182	99.4786308802852	95.7952005449328	47.4986733073346	31.8415087627473	36.7679066038977	8.35896987247771	85
NFE	56885	1370.31826640384	367.141648676079	341.373217090464	154.860536816253	93.5128771970865	120.170159745521	3.71932284772816	85
SAS	15308	641.188252981427	178.262101311999	174.332713040665	84.8778475415294	54.9383442706311	69.0307011689216	8.54232600658991	85
AFR	8128	458.137084506241	114.060018651517	107.076122341599	50.8836049519612	32.6329434913396	33.503282521266	7.8703687560171	86
EAS	9197	444.024015928522	108.992568258464	94.7540401307471	39.7528756730626	22.4070172841391	19.6771313444207	3.15235138064616	86
NFE	56885	1635.3198973002	428.517646138103	384.448720414073	165.449256175944	94.7615962117754	108.673507639313	2.65999278150907	86
SAS	15308	765.867437117439	177.499236534783	161.571296225566	74.9330200904779	47.3072069028256	57.9867110501504	7.01155457876087	86
AFR	8128	254.153566689677	69.0476777435483	66.4061231981218	31.7348232513195	20.2121373734811	20.3640646121941	4.65471392777406	87
EAS	9197	260.550491640562	64.2429348250041	58.5877417137041	26.6330911230722	16.3304567560986	16.3715268616036	3.11829004698804	87
NFE	56885	948.808443535993	242.020046869673	217.515443439855	95.0721241736785	55.6273100658677	67.1978916777454	1.84382293513365	87
SAS	15308	436.243129628673	101.46283826173	92.4246167749437	42.8611544581147	27.0451186770415	33.1061765781566	3.99472871929023	87
AFR	8128	336.343633232989	82.7794538029566	81.142267467086	41.4923262267389	28.7319323278978	33.2014082609339	8.99224398752104	88
EAS	9197	324.980795768554	78.1907620451272	74.5071105131558	36.7106177343964	24.5432988542366	28.2910199708633	6.42628300604461	88
NFE	56885	1077.94162287975	293.929355272235	266.972184402486	115.198335658771	65.6829052878216	74.0070369790825	1.73223206394267	88
SAS	15308	499.404394090171	114.491189048026	106.971756808043	51.9061802443365	34.3607264338046	46.0197190291412	6.29433221881691	88
AFR	8128	186.587325094369	38.4082344700416	40.089843981817	23.4784946729608	18.8641108462029	27.6258541928129	9.83968853883547	89
EAS	9197	198.29167329054	46.2351930605751	43.8530612425486	21.6694945964443	14.5831754436057	17.0291140539149	3.93473758773399	89
NFE	56885	657.159871552268	159.81499004156	145.154811815372	65.8934746131469	40.4253475313712	54.7539581780931	1.90388955177126	89
SAS	15308	291.912422660628	68.7240728295788	65.0001763677553	31.8787050031047	21.2674239049355	28.8239608764834	4.00108992001472	89
AFR	8128	360.266206044276	81.0832290866594	76.3719785132351	37.7417544011215	25.5007267617661	28.5648562288198	7.48051184391327	9
EAS	9197	352.989779184547	76.8762380512335	71.8131827358486	35.3817977894292	23.9158329633556	28.2603300286683	6.64086615274599	9
NFE	56885	982.773659511461	317.300580142352	310.425115871068	139.993707605129	80.8261558842509	90.0277625932932	1.98726618006304	9
SAS	15308	528.716370025004	143.229097109043	138.055691315873	66.3047290272329	42.47253958403	52.5164645941706	6.3646426303619	9
AFR	8128	248.234758840891	60.1106574610418	60.9269710148048	32.9579980579214	24.1941169509737	30.608510182184	9.21635726710131	90
EAS	9197	236.1873242579	64.2760867764294	63.9450700531304	32.3175879689034	21.8276753381503	25.2968278688646	5.75246641065486	90
NFE	56885	927.3209921424	246.859419882795	228.059647015216	102.598896190564	61.4706444266895	77.6965713427474	2.32716906887564	90
SAS	15308	422.422541567509	97.0832632439965	93.3947250814056	47.3814679872988	32.7952713793443	47.721410686425	7.29177459947427	90
AFR	8128	129.708693795162	35.0766979804734	34.8991637338317	17.6832558162832	11.9861695488677	13.3000688520563	3.41949009633381	91
EAS	9197	144.394477927515	37.7678520260678	33.1169752834728	13.6889191132204	7.50668782151465	6.26484736156842	0.93290482650338	91
NFE	56885	482.318178301166	136.370198429476	125.994714590868	55.047939569112	31.5929142099447	35.8432925550132	0.846421803881717	91
SAS	15308	230.499691278185	60.1284067488217	53.2560400954828	22.4467273083657	12.5798928108255	12.2309713234281	1.03947393598605	91
AFR	8128	98.8856318137877	20.0805581232502	19.5641493100475	10.4403800833035	7.68043408164602	9.84473559986096	3.02297462446863	93
EAS	9197	93.9118956916368	13.5653271219193	12.5159125632406	6.59586492595797	4.89692277052757	6.83499853964858	1.97089345556169	93
NFE	56885	314.559359330684	96.9065770901726	90.3165209079356	38.1782452551078	20.7059683146507	20.3511297678415	0.339856792172205	93
SAS	15308	172.161744234092	42.8554934466035	38.3961490966911	16.8701185758063	9.96525627042976	10.7274758094342	1.06935317096934	93
AFR	8128	147.256522363455	28.86885812861	26.08471980768	12.5780872062269	8.40719514015968	9.34440850735085	2.43492360061551	94
EAS	9197	154.870208718101	35.4535121357824	31.1382664061773	13.6799466603584	8.18053772948252	7.93889388924436	1.45573513199515	94
NFE	56885	512.862861428637	118.738198250043	104.057278747614	45.3524995695435	26.8544090751125	33.8422144233097	1.02524818315884	94
SAS	15308	249.059216348777	57.5917397157697	54.2822790278324	26.6305052280881	17.8084841616051	24.2851096755523	3.40228848388551	94
AFR	8128	492.899465553666	122.308691868937	127.873082361738	71.9597130269544	54.8133929226284	73.2846586593438	23.4838110272933	95
EAS	9197	463.524620148519	124.287995540054	124.800477672665	64.3914829283564	44.5266179148585	53.6765040149253	12.8178437102846	95
NFE	56885	1551.26769298735	454.742849914303	440.612499262039	205.977708165022	126.434409654864	165.692121217692	5.26577630037578	95
SAS	15308	774.591223798083	198.278921771775	192.473427703992	95.615287232208	63.9661650532058	86.3900829265372	11.8806199910189	95
AFR	8128	341.585212653303	87.8234880117697	88.5648189413913	46.6787264898296	33.1643819039853	39.7351692339815	11.2109368833864	96
EAS	9197	312.133153416804	62.5897163839164	62.7722694634118	34.9826235301518	26.8552118111699	39.0069222672863	11.69947455583	96
NFE	56885	1078.6740062949	296.991820792606	281.047731484585	129.847133303619	79.5914207633737	105.293458359568	3.44185010686705	96
SAS	15308	509.468196081344	133.440101921193	128.230737368182	62.1160469068944	40.352893630047	51.443147366945	6.52368818565611	96
AFR	8128	269.102839345549	86.0122881606213	92.7906469017234	50.2357942912479	35.6035547124131	41.6486381166452	11.3111411266644	97
EAS	9197	263.448628168066	88.207367283416	94.9927701063004	50.1430271055706	34.2815033972628	39.5582800151374	8.83720653294326	97
NFE	56885	876.547305229401	307.094303513922	316.868023984707	150.357085190539	90.1463878844283	106.907014429786	2.6591176214617	97
SAS	15308	345.758276986586	128.520146636844	140.018237375826	71.0294070300538	45.3108189275407	52.5348721987763	5.61211560165393	97
AFR	8128	555.331888721716	125.712328228622	124.075576638699	65.7056710527904	47.533630043634	59.0517601812046	17.447293043303	98
EAS	9197	527.930031261638	119.043405319726	114.931624063366	58.9489823613544	41.3301069719017	51.6317796762992	12.9563587006138	98
NFE	56885	1839.43648839454	534.188284049201	497.130624423551	216.984273760552	123.707106605393	137.502600979502	3.08862722697956	98
SAS	15308	876.074190627189	220.116011393244	210.959099509243	103.344765259003	68.3133898217737	90.3972810953992	12.1024622941453	98
AFR	8128	577.866872592791	119.573113043497	120.87110524007	67.6662303124673	52.0564965680798	71.3460899883281	23.6134772205952	99
EAS	9197	619.911634463783	141.848451728302	128.902571397791	59.8846279993683	37.9339170486091	40.3078141374938	8.29451496414165	99
NFE	56885	1969.34904431655	570.17472052817	524.035905079907	223.834744389265	124.650411086001	131.696437029259	2.64065480058863	99
SAS	15308	1076.89873033855	267.333715965836	245.394794189044	112.476017250992	69.4954387623831	81.2512943420731	9.14491642296086	99
