block	pop	Singletons	Doubletons	MAC=3-5	MAC=6-10	MAC=11-20	MAC=21-MAF005	MAF005-MAF01	rep	data
1	EAS	574	122	116	57	37	33	5	1	RAREsim
1	EAS	559	109	126	54	39	51	8	2	RAREsim
1	EAS	534	134	115	63	35	35	9	3	RAREsim
1	EAS	555	118	114	65	31	44	11	4	RAREsim
1	EAS	550	126	114	57	34	49	7	5	RAREsim
1	EAS	556	127	110	54	37	41	8	6	RAREsim
1	EAS	565	113	128	57	31	51	9	7	RAREsim
1	EAS	594	147	111	52	27	43	8	8	RAREsim
1	EAS	552	104	111	57	43	42	12	9	RAREsim
1	EAS	556	142	108	46	26	45	8	10	RAREsim
1	EAS	582	129	119	59	41	42	11	11	RAREsim
1	EAS	545	115	129	52	36	40	9	12	RAREsim
1	EAS	567	141	110	52	45	39	7	13	RAREsim
1	EAS	555	123	122	61	28	31	9	14	RAREsim
1	EAS	580	130	129	58	37	64	10	15	RAREsim
1	EAS	562	134	124	56	44	53	12	16	RAREsim
1	EAS	543	115	137	58	35	42	12	17	RAREsim
1	EAS	578	121	118	57	50	41	10	18	RAREsim
1	EAS	548	128	136	46	34	43	10	19	RAREsim
1	EAS	590	129	109	60	33	32	10	20	RAREsim
1	EAS	548	106	118	62	36	39	9	21	RAREsim
1	EAS	609	118	125	52	30	37	9	22	RAREsim
1	EAS	590	111	121	55	35	35	10	23	RAREsim
1	EAS	521	125	132	40	40	30	9	24	RAREsim
1	EAS	538	128	113	60	35	37	7	25	RAREsim
1	EAS	565	138	115	47	33	49	5	26	RAREsim
1	EAS	548	112	109	53	48	42	8	27	RAREsim
1	EAS	568	137	109	44	44	27	10	28	RAREsim
1	EAS	541	121	148	54	44	36	8	29	RAREsim
1	EAS	580	131	124	48	34	41	9	30	RAREsim
1	EAS	568	139	137	55	39	33	7	31	RAREsim
1	EAS	529	103	113	50	37	34	8	32	RAREsim
1	EAS	553	137	100	57	27	41	8	33	RAREsim
1	EAS	538	115	112	49	34	45	6	34	RAREsim
1	EAS	524	136	123	49	34	37	11	35	RAREsim
1	EAS	536	146	98	58	48	43	10	36	RAREsim
1	EAS	542	119	104	73	38	39	9	37	RAREsim
1	EAS	590	122	119	70	37	46	12	38	RAREsim
1	EAS	568	138	138	55	35	43	8	39	RAREsim
1	EAS	556	123	119	56	35	46	8	40	RAREsim
1	EAS	574	119	94	56	30	33	7	41	RAREsim
1	EAS	541	137	113	45	34	25	11	42	RAREsim
1	EAS	556	123	120	63	42	35	7	43	RAREsim
1	EAS	531	118	107	47	27	39	7	44	RAREsim
1	EAS	574	127	102	52	28	30	9	45	RAREsim
1	EAS	590	119	113	52	34	48	9	46	RAREsim
1	EAS	570	125	119	64	35	35	9	47	RAREsim
1	EAS	589	114	121	64	38	42	7	48	RAREsim
1	EAS	602	118	111	47	38	35	7	49	RAREsim
1	EAS	599	139	108	49	40	38	9	50	RAREsim
1	EAS	560	129	115	73	28	43	9	51	RAREsim
1	EAS	572	116	122	50	43	37	8	52	RAREsim
1	EAS	569	133	125	59	35	37	10	53	RAREsim
1	EAS	543	124	121	47	37	45	7	54	RAREsim
1	EAS	567	131	125	66	32	39	11	55	RAREsim
1	EAS	549	124	105	51	30	40	7	56	RAREsim
1	EAS	534	132	122	63	39	45	11	57	RAREsim
1	EAS	570	120	143	59	33	36	8	58	RAREsim
1	EAS	556	134	117	58	34	45	11	59	RAREsim
1	EAS	554	123	120	57	32	39	9	60	RAREsim
1	EAS	570	132	140	55	43	36	7	61	RAREsim
1	EAS	550	138	109	60	41	32	9	62	RAREsim
1	EAS	572	150	133	59	41	44	8	63	RAREsim
1	EAS	586	129	125	52	34	44	11	64	RAREsim
1	EAS	562	140	109	53	29	37	4	65	RAREsim
1	EAS	561	138	100	62	49	41	7	66	RAREsim
1	EAS	561	143	124	55	41	45	8	67	RAREsim
1	EAS	574	129	133	40	33	46	5	68	RAREsim
1	EAS	573	135	118	50	32	40	6	69	RAREsim
1	EAS	587	118	116	42	30	43	9	70	RAREsim
1	EAS	545	114	122	56	22	53	8	71	RAREsim
1	EAS	562	142	116	54	40	40	11	72	RAREsim
1	EAS	586	130	124	53	44	36	4	73	RAREsim
1	EAS	555	131	135	51	34	40	8	74	RAREsim
1	EAS	564	133	128	54	34	40	5	75	RAREsim
1	EAS	570	142	124	53	35	31	10	76	RAREsim
1	EAS	608	138	118	55	44	36	7	77	RAREsim
1	EAS	533	124	110	45	38	38	10	78	RAREsim
1	EAS	540	122	122	50	31	30	6	79	RAREsim
1	EAS	569	133	123	57	29	40	9	80	RAREsim
1	EAS	551	120	118	44	33	51	9	81	RAREsim
1	EAS	577	119	99	54	33	37	12	82	RAREsim
1	EAS	555	126	119	39	32	40	11	83	RAREsim
1	EAS	535	126	124	50	42	39	6	84	RAREsim
1	EAS	579	137	125	53	36	34	8	85	RAREsim
1	EAS	568	133	120	56	33	36	9	86	RAREsim
1	EAS	548	126	117	70	30	33	9	87	RAREsim
1	EAS	566	134	120	67	38	30	9	88	RAREsim
1	EAS	546	137	105	67	37	42	10	89	RAREsim
1	EAS	537	123	102	53	50	46	9	90	RAREsim
1	EAS	551	130	113	60	38	43	7	91	RAREsim
1	EAS	555	132	107	55	42	48	11	92	RAREsim
1	EAS	558	135	91	60	30	41	8	93	RAREsim
1	EAS	560	131	121	60	28	45	9	94	RAREsim
1	EAS	542	138	118	59	43	38	10	95	RAREsim
1	EAS	583	143	109	59	41	49	8	96	RAREsim
1	EAS	542	113	115	55	32	49	14	97	RAREsim
1	EAS	573	113	106	51	38	44	9	98	RAREsim
1	EAS	564	115	120	68	43	48	12	99	RAREsim
1	EAS	556	149	124	50	43	37	6	100	RAREsim
6	EAS	278	62	68	25	21	20	6	1	RAREsim
6	EAS	275	63	62	37	11	32	3	2	RAREsim
6	EAS	281	59	67	28	13	11	3	3	RAREsim
6	EAS	273	75	56	26	16	20	2	4	RAREsim
6	EAS	270	53	56	34	22	23	3	5	RAREsim
6	EAS	294	61	54	29	11	14	5	6	RAREsim
6	EAS	278	65	66	27	16	13	4	7	RAREsim
6	EAS	293	52	56	31	18	20	6	8	RAREsim
6	EAS	286	65	50	21	17	17	4	9	RAREsim
6	EAS	268	66	53	29	15	19	4	10	RAREsim
6	EAS	285	62	59	31	13	15	4	11	RAREsim
6	EAS	296	52	58	31	19	17	4	12	RAREsim
6	EAS	278	59	61	32	17	19	6	13	RAREsim
6	EAS	268	64	59	37	18	18	4	14	RAREsim
6	EAS	284	67	60	30	16	16	3	15	RAREsim
6	EAS	262	64	58	29	15	20	3	16	RAREsim
6	EAS	275	60	67	26	19	19	5	17	RAREsim
6	EAS	263	62	55	20	19	17	6	18	RAREsim
6	EAS	299	63	70	22	10	17	6	19	RAREsim
6	EAS	267	75	56	35	18	24	3	20	RAREsim
6	EAS	256	70	55	37	15	14	7	21	RAREsim
6	EAS	286	59	71	29	13	22	5	22	RAREsim
6	EAS	291	50	53	19	17	21	4	23	RAREsim
6	EAS	284	66	51	38	19	18	4	24	RAREsim
6	EAS	280	61	63	30	15	21	7	25	RAREsim
6	EAS	258	62	61	26	18	21	6	26	RAREsim
6	EAS	265	72	67	24	12	18	4	27	RAREsim
6	EAS	300	72	54	24	20	16	6	28	RAREsim
6	EAS	303	66	65	34	13	14	4	29	RAREsim
6	EAS	308	54	55	31	20	17	3	30	RAREsim
6	EAS	246	57	59	29	27	14	3	31	RAREsim
6	EAS	272	56	49	27	26	20	5	32	RAREsim
6	EAS	283	65	50	31	23	18	4	33	RAREsim
6	EAS	269	61	61	19	18	15	3	34	RAREsim
6	EAS	290	59	65	33	14	28	4	35	RAREsim
6	EAS	283	75	55	29	25	19	6	36	RAREsim
6	EAS	277	78	55	26	15	19	4	37	RAREsim
6	EAS	273	59	63	36	23	11	3	38	RAREsim
6	EAS	270	53	65	29	22	28	4	39	RAREsim
6	EAS	306	68	54	28	20	21	4	40	RAREsim
6	EAS	262	76	63	41	22	20	5	41	RAREsim
6	EAS	290	60	54	38	23	18	7	42	RAREsim
6	EAS	285	65	71	31	19	22	5	43	RAREsim
6	EAS	278	67	53	23	18	19	5	44	RAREsim
6	EAS	295	73	60	30	23	31	7	45	RAREsim
6	EAS	295	62	59	32	18	24	5	46	RAREsim
6	EAS	278	53	67	22	10	17	5	47	RAREsim
6	EAS	261	53	46	22	17	25	5	48	RAREsim
6	EAS	287	73	62	26	16	19	4	49	RAREsim
6	EAS	289	85	64	22	23	18	3	50	RAREsim
6	EAS	295	58	63	34	10	19	7	51	RAREsim
6	EAS	299	65	66	25	14	29	6	52	RAREsim
6	EAS	295	61	53	30	19	28	5	53	RAREsim
6	EAS	286	66	58	33	22	23	5	54	RAREsim
6	EAS	295	53	54	33	13	27	4	55	RAREsim
6	EAS	279	76	72	21	14	18	5	56	RAREsim
6	EAS	271	66	53	32	16	24	5	57	RAREsim
6	EAS	298	65	58	33	19	22	5	58	RAREsim
6	EAS	284	68	60	23	15	21	3	59	RAREsim
6	EAS	286	62	48	34	18	26	2	60	RAREsim
6	EAS	292	79	69	22	22	22	5	61	RAREsim
6	EAS	270	56	65	38	18	13	5	62	RAREsim
6	EAS	275	57	59	33	17	17	5	63	RAREsim
6	EAS	285	47	51	17	18	18	3	64	RAREsim
6	EAS	289	70	51	22	12	16	2	65	RAREsim
6	EAS	293	58	66	36	19	25	3	66	RAREsim
6	EAS	304	62	54	17	15	19	3	67	RAREsim
6	EAS	271	74	72	29	28	24	4	68	RAREsim
6	EAS	271	59	60	20	29	26	5	69	RAREsim
6	EAS	294	70	60	27	14	26	4	70	RAREsim
6	EAS	276	63	60	23	17	18	6	71	RAREsim
6	EAS	272	61	55	31	17	18	5	72	RAREsim
6	EAS	294	70	51	27	22	18	5	73	RAREsim
6	EAS	274	62	54	29	16	18	2	74	RAREsim
6	EAS	273	45	69	26	16	12	5	75	RAREsim
6	EAS	273	59	64	29	22	25	5	76	RAREsim
6	EAS	271	58	54	29	15	16	5	77	RAREsim
6	EAS	268	74	60	37	14	19	4	78	RAREsim
6	EAS	292	70	69	22	18	19	2	79	RAREsim
6	EAS	288	66	58	28	16	21	6	80	RAREsim
6	EAS	293	57	49	31	18	27	6	81	RAREsim
6	EAS	263	56	59	29	18	21	6	82	RAREsim
6	EAS	262	59	65	26	10	26	6	83	RAREsim
6	EAS	284	69	66	27	7	20	5	84	RAREsim
6	EAS	285	68	71	23	20	21	3	85	RAREsim
6	EAS	302	65	49	26	20	22	5	86	RAREsim
6	EAS	280	80	48	29	18	18	2	87	RAREsim
6	EAS	285	59	49	25	19	19	3	88	RAREsim
6	EAS	281	76	58	35	21	18	4	89	RAREsim
6	EAS	277	71	69	25	17	20	5	90	RAREsim
6	EAS	275	57	56	33	22	16	3	91	RAREsim
6	EAS	269	75	77	23	17	25	5	92	RAREsim
6	EAS	294	70	60	27	13	23	4	93	RAREsim
6	EAS	289	64	51	31	16	14	5	94	RAREsim
6	EAS	276	65	56	28	19	17	4	95	RAREsim
6	EAS	274	61	69	28	17	20	4	96	RAREsim
6	EAS	280	74	59	30	13	17	4	97	RAREsim
6	EAS	295	87	65	29	18	31	6	98	RAREsim
6	EAS	277	67	49	32	19	19	2	99	RAREsim
6	EAS	275	56	65	26	14	18	3	100	RAREsim
9	EAS	399	86	77	42	24	26	6	1	RAREsim
9	EAS	368	91	97	43	22	22	6	2	RAREsim
9	EAS	387	77	77	39	25	36	7	3	RAREsim
9	EAS	366	91	76	35	26	20	7	4	RAREsim
9	EAS	390	87	69	35	26	29	5	5	RAREsim
9	EAS	354	72	82	54	23	29	6	6	RAREsim
9	EAS	369	95	84	43	26	32	5	7	RAREsim
9	EAS	385	88	84	32	25	27	5	8	RAREsim
9	EAS	422	74	80	38	26	16	7	9	RAREsim
9	EAS	379	84	90	44	23	27	5	10	RAREsim
9	EAS	390	66	70	39	21	32	6	11	RAREsim
9	EAS	361	83	76	37	20	28	5	12	RAREsim
9	EAS	406	96	70	42	25	27	7	13	RAREsim
9	EAS	364	85	81	47	26	26	5	14	RAREsim
9	EAS	389	100	92	42	28	19	4	15	RAREsim
9	EAS	384	95	87	41	33	33	6	16	RAREsim
9	EAS	363	93	97	31	25	23	5	17	RAREsim
9	EAS	367	87	72	37	20	25	5	18	RAREsim
9	EAS	391	86	90	44	29	25	6	19	RAREsim
9	EAS	413	77	81	38	23	16	4	20	RAREsim
9	EAS	385	90	63	41	17	30	4	21	RAREsim
9	EAS	372	87	75	31	22	31	6	22	RAREsim
9	EAS	399	89	78	37	25	26	6	23	RAREsim
9	EAS	398	75	88	28	26	23	8	24	RAREsim
9	EAS	381	91	72	33	24	31	4	25	RAREsim
9	EAS	398	93	65	39	21	28	6	26	RAREsim
9	EAS	391	92	72	41	28	13	4	27	RAREsim
9	EAS	388	99	82	35	23	28	4	28	RAREsim
9	EAS	422	83	80	31	28	34	7	29	RAREsim
9	EAS	402	101	96	38	22	21	5	30	RAREsim
9	EAS	388	71	86	44	29	22	8	31	RAREsim
9	EAS	395	70	72	29	30	31	5	32	RAREsim
9	EAS	398	79	94	33	19	29	5	33	RAREsim
9	EAS	375	87	80	49	22	26	5	34	RAREsim
9	EAS	373	105	87	34	19	26	8	35	RAREsim
9	EAS	393	83	81	36	24	26	6	36	RAREsim
9	EAS	362	96	77	34	24	24	5	37	RAREsim
9	EAS	394	82	91	36	22	28	4	38	RAREsim
9	EAS	389	77	92	41	31	22	6	39	RAREsim
9	EAS	398	81	80	40	22	31	7	40	RAREsim
9	EAS	383	92	90	38	25	37	5	41	RAREsim
9	EAS	374	100	83	41	20	19	5	42	RAREsim
9	EAS	399	85	81	41	24	25	5	43	RAREsim
9	EAS	358	88	95	39	26	23	6	44	RAREsim
9	EAS	383	82	84	37	21	31	7	45	RAREsim
9	EAS	343	102	93	45	25	22	7	46	RAREsim
9	EAS	356	78	88	36	24	22	7	47	RAREsim
9	EAS	391	87	81	47	23	26	6	48	RAREsim
9	EAS	378	79	92	34	30	32	5	49	RAREsim
9	EAS	391	90	79	37	20	29	5	50	RAREsim
9	EAS	379	95	83	36	25	26	4	51	RAREsim
9	EAS	374	85	90	34	29	30	6	52	RAREsim
9	EAS	372	92	83	45	28	30	4	53	RAREsim
9	EAS	387	91	85	43	28	25	8	54	RAREsim
9	EAS	374	87	93	43	24	25	6	55	RAREsim
9	EAS	411	100	72	41	21	21	4	56	RAREsim
9	EAS	388	95	77	27	29	25	7	57	RAREsim
9	EAS	378	83	72	43	26	29	7	58	RAREsim
9	EAS	381	88	90	35	13	22	3	59	RAREsim
9	EAS	387	90	76	37	27	26	4	60	RAREsim
9	EAS	376	89	89	46	36	28	3	61	RAREsim
9	EAS	373	85	77	48	29	28	5	62	RAREsim
9	EAS	389	99	84	43	29	25	5	63	RAREsim
9	EAS	405	80	94	35	26	24	6	64	RAREsim
9	EAS	363	89	73	27	17	29	5	65	RAREsim
9	EAS	365	92	75	43	22	29	7	66	RAREsim
9	EAS	367	79	79	28	28	32	5	67	RAREsim
9	EAS	383	84	69	43	22	26	8	68	RAREsim
9	EAS	371	89	89	44	27	28	9	69	RAREsim
9	EAS	370	97	77	31	24	28	6	70	RAREsim
9	EAS	392	74	81	36	22	26	6	71	RAREsim
9	EAS	410	82	87	44	31	24	7	72	RAREsim
9	EAS	383	84	83	46	27	23	6	73	RAREsim
9	EAS	386	100	84	35	17	27	8	74	RAREsim
9	EAS	380	102	75	54	25	31	5	75	RAREsim
9	EAS	405	88	96	36	26	27	5	76	RAREsim
9	EAS	388	99	84	42	21	29	6	77	RAREsim
9	EAS	389	88	66	37	31	16	8	78	RAREsim
9	EAS	397	77	85	33	25	18	6	79	RAREsim
9	EAS	355	95	93	40	38	33	7	80	RAREsim
9	EAS	396	91	84	38	25	30	5	81	RAREsim
9	EAS	383	86	68	33	20	20	5	82	RAREsim
9	EAS	386	90	84	35	20	28	7	83	RAREsim
9	EAS	376	82	68	37	37	34	5	84	RAREsim
9	EAS	375	86	85	45	27	23	5	85	RAREsim
9	EAS	377	89	72	35	28	24	4	86	RAREsim
9	EAS	399	85	83	39	29	22	3	87	RAREsim
9	EAS	392	97	78	37	21	23	3	88	RAREsim
9	EAS	384	68	77	41	15	30	1	89	RAREsim
9	EAS	401	97	75	36	35	28	8	90	RAREsim
9	EAS	379	88	81	42	17	23	7	91	RAREsim
9	EAS	416	79	83	39	16	39	7	92	RAREsim
9	EAS	393	92	75	23	25	27	7	93	RAREsim
9	EAS	370	78	84	34	25	26	6	94	RAREsim
9	EAS	397	82	72	41	26	23	8	95	RAREsim
9	EAS	400	83	90	29	25	32	3	96	RAREsim
9	EAS	386	71	87	48	31	39	7	97	RAREsim
9	EAS	391	92	59	40	21	21	6	98	RAREsim
9	EAS	394	95	86	39	28	15	5	99	RAREsim
9	EAS	378	92	75	47	21	23	5	100	RAREsim
1	SAS	900	222	215	100	67	75	8	1	RAREsim
1	SAS	923	209	214	80	66	73	8	2	RAREsim
1	SAS	908	222	190	98	61	58	10	3	RAREsim
1	SAS	914	201	199	88	60	80	10	4	RAREsim
1	SAS	920	201	181	102	63	83	9	5	RAREsim
1	SAS	919	225	202	89	59	73	10	6	RAREsim
1	SAS	924	218	199	90	77	85	12	7	RAREsim
1	SAS	927	207	197	95	65	93	9	8	RAREsim
1	SAS	898	235	213	104	53	83	10	9	RAREsim
1	SAS	887	220	196	95	65	81	10	10	RAREsim
1	SAS	898	217	207	91	64	79	13	11	RAREsim
1	SAS	903	222	205	105	55	83	12	12	RAREsim
1	SAS	903	196	185	92	63	70	8	13	RAREsim
1	SAS	893	198	183	110	51	76	8	14	RAREsim
1	SAS	912	240	175	91	48	64	9	15	RAREsim
1	SAS	872	206	226	92	58	64	8	16	RAREsim
1	SAS	900	216	195	101	56	70	9	17	RAREsim
1	SAS	900	216	207	115	71	73	6	18	RAREsim
1	SAS	875	203	202	97	49	73	5	19	RAREsim
1	SAS	894	210	221	98	48	81	10	20	RAREsim
1	SAS	893	198	228	84	59	63	8	21	RAREsim
1	SAS	898	229	180	96	61	79	7	22	RAREsim
1	SAS	902	235	206	99	58	85	12	23	RAREsim
1	SAS	883	190	195	96	65	74	8	24	RAREsim
1	SAS	884	205	217	100	66	86	9	25	RAREsim
1	SAS	898	219	198	98	60	77	11	26	RAREsim
1	SAS	900	231	197	100	72	71	11	27	RAREsim
1	SAS	901	236	209	73	60	70	10	28	RAREsim
1	SAS	900	204	184	99	62	72	11	29	RAREsim
1	SAS	911	219	170	97	60	78	8	30	RAREsim
1	SAS	891	223	192	105	62	69	8	31	RAREsim
1	SAS	903	211	193	102	67	81	9	32	RAREsim
1	SAS	917	214	215	100	54	78	7	33	RAREsim
1	SAS	905	205	199	87	71	76	9	34	RAREsim
1	SAS	925	219	192	85	59	90	13	35	RAREsim
1	SAS	877	226	205	111	45	73	10	36	RAREsim
1	SAS	896	224	203	116	67	56	9	37	RAREsim
1	SAS	910	201	204	93	72	90	10	38	RAREsim
1	SAS	888	225	198	98	62	82	13	39	RAREsim
1	SAS	889	208	185	94	67	74	11	40	RAREsim
1	SAS	915	214	191	101	61	67	10	41	RAREsim
1	SAS	908	233	193	107	65	77	10	42	RAREsim
1	SAS	900	243	204	100	58	72	8	43	RAREsim
1	SAS	911	199	228	102	68	79	9	44	RAREsim
1	SAS	894	208	171	95	58	72	10	45	RAREsim
1	SAS	909	232	195	94	58	77	10	46	RAREsim
1	SAS	891	210	190	88	52	95	8	47	RAREsim
1	SAS	889	235	199	77	57	89	11	48	RAREsim
1	SAS	924	241	203	92	61	67	9	49	RAREsim
1	SAS	887	210	217	97	60	78	11	50	RAREsim
1	SAS	918	208	208	104	56	70	11	51	RAREsim
1	SAS	906	222	200	101	54	78	11	52	RAREsim
1	SAS	864	200	184	104	51	81	6	53	RAREsim
1	SAS	869	207	188	90	75	80	10	54	RAREsim
1	SAS	896	229	183	102	62	75	7	55	RAREsim
1	SAS	914	218	214	106	48	68	9	56	RAREsim
1	SAS	920	223	205	110	67	81	12	57	RAREsim
1	SAS	904	227	217	98	66	77	9	58	RAREsim
1	SAS	910	194	212	98	64	61	9	59	RAREsim
1	SAS	877	225	222	95	56	70	11	60	RAREsim
1	SAS	890	208	194	110	62	77	12	61	RAREsim
1	SAS	892	217	198	91	56	64	9	62	RAREsim
1	SAS	894	218	182	99	62	68	10	63	RAREsim
1	SAS	910	202	221	102	62	86	12	64	RAREsim
1	SAS	884	207	208	100	64	69	11	65	RAREsim
1	SAS	936	203	218	96	56	95	9	66	RAREsim
1	SAS	901	220	193	95	67	108	9	67	RAREsim
1	SAS	896	212	202	95	70	68	11	68	RAREsim
1	SAS	871	225	200	85	53	78	8	69	RAREsim
1	SAS	882	204	201	103	70	83	9	70	RAREsim
1	SAS	893	232	208	81	52	73	10	71	RAREsim
1	SAS	907	201	197	78	56	84	9	72	RAREsim
1	SAS	876	214	180	117	56	66	12	73	RAREsim
1	SAS	897	223	222	90	61	80	8	74	RAREsim
1	SAS	906	214	205	112	71	79	10	75	RAREsim
1	SAS	866	234	210	95	55	88	7	76	RAREsim
1	SAS	873	204	204	97	51	63	14	77	RAREsim
1	SAS	890	222	216	100	60	74	6	78	RAREsim
1	SAS	894	224	224	98	56	89	12	79	RAREsim
1	SAS	896	231	227	89	64	67	11	80	RAREsim
1	SAS	889	215	205	101	58	78	9	81	RAREsim
1	SAS	903	198	199	86	61	80	6	82	RAREsim
1	SAS	932	250	194	85	62	83	10	83	RAREsim
1	SAS	893	220	193	108	67	73	6	84	RAREsim
1	SAS	912	220	215	79	54	74	11	85	RAREsim
1	SAS	934	216	198	105	70	86	8	86	RAREsim
1	SAS	904	199	187	100	69	77	10	87	RAREsim
1	SAS	895	231	219	90	68	82	10	88	RAREsim
1	SAS	943	191	197	102	65	73	12	89	RAREsim
1	SAS	894	212	186	86	59	82	7	90	RAREsim
1	SAS	925	232	196	90	67	82	9	91	RAREsim
1	SAS	916	200	221	80	61	68	9	92	RAREsim
1	SAS	922	227	216	98	45	77	11	93	RAREsim
1	SAS	885	223	210	86	56	86	9	94	RAREsim
1	SAS	893	220	178	98	58	78	9	95	RAREsim
1	SAS	892	238	205	107	53	62	7	96	RAREsim
1	SAS	895	226	205	104	59	66	5	97	RAREsim
1	SAS	887	217	196	81	57	83	8	98	RAREsim
1	SAS	928	191	208	101	65	79	7	99	RAREsim
1	SAS	906	217	202	105	72	80	9	100	RAREsim
6	SAS	454	100	92	38	35	39	3	1	RAREsim
6	SAS	424	112	97	54	24	44	4	2	RAREsim
6	SAS	454	103	106	47	30	33	8	3	RAREsim
6	SAS	453	118	105	49	30	33	5	4	RAREsim
6	SAS	465	111	102	50	40	44	4	5	RAREsim
6	SAS	459	111	89	60	25	41	6	6	RAREsim
6	SAS	444	109	87	46	26	36	5	7	RAREsim
6	SAS	470	113	112	38	28	47	8	8	RAREsim
6	SAS	440	108	103	60	20	34	3	9	RAREsim
6	SAS	476	110	97	44	38	35	2	10	RAREsim
6	SAS	465	109	97	51	25	41	6	11	RAREsim
6	SAS	456	93	98	44	27	31	6	12	RAREsim
6	SAS	459	100	113	37	38	40	5	13	RAREsim
6	SAS	447	117	100	46	33	37	7	14	RAREsim
6	SAS	426	104	95	51	30	38	5	15	RAREsim
6	SAS	425	108	110	46	37	30	6	16	RAREsim
6	SAS	442	125	113	60	28	48	6	17	RAREsim
6	SAS	426	113	103	51	34	44	1	18	RAREsim
6	SAS	438	122	97	40	33	37	3	19	RAREsim
6	SAS	456	110	128	49	27	39	5	20	RAREsim
6	SAS	465	109	88	32	25	45	6	21	RAREsim
6	SAS	460	109	110	56	26	35	4	22	RAREsim
6	SAS	466	107	115	55	35	38	6	23	RAREsim
6	SAS	460	117	92	47	29	35	5	24	RAREsim
6	SAS	443	106	102	48	25	35	3	25	RAREsim
6	SAS	442	100	105	47	38	48	6	26	RAREsim
6	SAS	442	110	97	42	25	45	2	27	RAREsim
6	SAS	447	109	110	52	24	39	5	28	RAREsim
6	SAS	433	104	96	40	30	50	3	29	RAREsim
6	SAS	437	110	98	46	26	25	6	30	RAREsim
6	SAS	451	110	107	44	26	33	3	31	RAREsim
6	SAS	457	122	108	38	33	41	4	32	RAREsim
6	SAS	451	110	100	56	42	27	5	33	RAREsim
6	SAS	451	120	106	52	37	39	5	34	RAREsim
6	SAS	440	111	109	51	32	35	8	35	RAREsim
6	SAS	438	117	106	48	27	39	8	36	RAREsim
6	SAS	468	110	112	61	30	41	5	37	RAREsim
6	SAS	461	106	103	44	33	35	7	38	RAREsim
6	SAS	461	107	107	60	27	55	4	39	RAREsim
6	SAS	460	95	101	44	24	42	7	40	RAREsim
6	SAS	436	110	105	49	40	42	7	41	RAREsim
6	SAS	456	119	116	47	37	37	4	42	RAREsim
6	SAS	441	117	112	56	45	33	7	43	RAREsim
6	SAS	439	111	108	52	30	29	6	44	RAREsim
6	SAS	443	132	107	44	34	39	5	45	RAREsim
6	SAS	443	124	104	52	44	29	2	46	RAREsim
6	SAS	456	127	101	42	27	43	6	47	RAREsim
6	SAS	441	118	101	50	30	51	4	48	RAREsim
6	SAS	460	104	94	45	31	28	7	49	RAREsim
6	SAS	433	105	92	44	22	47	4	50	RAREsim
6	SAS	462	104	103	50	27	45	6	51	RAREsim
6	SAS	460	108	105	41	32	34	3	52	RAREsim
6	SAS	461	112	110	58	48	30	6	53	RAREsim
6	SAS	437	115	116	52	30	37	3	54	RAREsim
6	SAS	468	103	95	60	23	45	6	55	RAREsim
6	SAS	458	107	100	37	33	37	4	56	RAREsim
6	SAS	449	117	107	45	31	36	2	57	RAREsim
6	SAS	446	120	119	54	30	35	3	58	RAREsim
6	SAS	450	106	100	52	34	32	7	59	RAREsim
6	SAS	457	104	107	47	34	42	5	60	RAREsim
6	SAS	456	125	109	49	33	31	4	61	RAREsim
6	SAS	443	99	95	47	32	40	5	62	RAREsim
6	SAS	453	110	100	36	29	43	7	63	RAREsim
6	SAS	426	102	97	47	30	31	4	64	RAREsim
6	SAS	454	110	110	42	29	40	4	65	RAREsim
6	SAS	453	106	104	48	33	31	4	66	RAREsim
6	SAS	462	118	102	46	35	38	5	67	RAREsim
6	SAS	449	125	96	36	29	32	6	68	RAREsim
6	SAS	470	100	103	39	33	46	8	69	RAREsim
6	SAS	456	124	104	55	32	47	6	70	RAREsim
6	SAS	458	111	100	41	31	48	5	71	RAREsim
6	SAS	440	106	102	43	25	28	5	72	RAREsim
6	SAS	455	105	103	60	34	35	6	73	RAREsim
6	SAS	428	104	104	61	26	38	5	74	RAREsim
6	SAS	458	115	108	45	35	50	7	75	RAREsim
6	SAS	456	113	104	68	34	40	6	76	RAREsim
6	SAS	453	115	119	57	32	37	5	77	RAREsim
6	SAS	443	129	104	42	35	39	7	78	RAREsim
6	SAS	440	124	98	47	37	39	5	79	RAREsim
6	SAS	463	116	94	50	36	46	2	80	RAREsim
6	SAS	468	108	126	60	44	48	4	81	RAREsim
6	SAS	451	95	90	55	36	34	7	82	RAREsim
6	SAS	458	112	97	55	21	43	6	83	RAREsim
6	SAS	462	125	86	39	25	40	5	84	RAREsim
6	SAS	451	106	92	43	31	48	3	85	RAREsim
6	SAS	448	98	111	58	35	28	4	86	RAREsim
6	SAS	452	116	95	52	37	33	4	87	RAREsim
6	SAS	444	119	107	50	36	28	5	88	RAREsim
6	SAS	440	119	108	44	30	33	2	89	RAREsim
6	SAS	460	110	122	50	32	27	6	90	RAREsim
6	SAS	447	107	97	57	33	34	3	91	RAREsim
6	SAS	437	103	94	40	34	37	5	92	RAREsim
6	SAS	429	111	87	45	39	48	5	93	RAREsim
6	SAS	457	120	102	49	33	37	5	94	RAREsim
6	SAS	449	109	105	57	41	35	5	95	RAREsim
6	SAS	463	116	100	48	22	36	4	96	RAREsim
6	SAS	460	104	91	55	38	45	3	97	RAREsim
6	SAS	466	115	89	54	43	42	5	98	RAREsim
6	SAS	448	107	100	41	36	36	6	99	RAREsim
6	SAS	461	109	106	50	28	45	7	100	RAREsim
9	SAS	612	151	143	72	44	59	8	1	RAREsim
9	SAS	604	145	136	57	46	55	7	2	RAREsim
9	SAS	628	169	145	68	43	46	11	3	RAREsim
9	SAS	626	134	131	58	39	47	2	4	RAREsim
9	SAS	630	163	132	72	41	57	8	5	RAREsim
9	SAS	616	173	142	61	51	48	7	6	RAREsim
9	SAS	613	159	140	69	53	57	8	7	RAREsim
9	SAS	603	133	155	64	45	48	8	8	RAREsim
9	SAS	599	141	137	72	41	48	7	9	RAREsim
9	SAS	592	149	158	59	34	58	4	10	RAREsim
9	SAS	603	148	139	69	37	62	7	11	RAREsim
9	SAS	619	154	143	57	42	48	6	12	RAREsim
9	SAS	617	141	124	61	50	52	7	13	RAREsim
9	SAS	606	153	126	68	37	50	9	14	RAREsim
9	SAS	620	160	128	62	46	44	6	15	RAREsim
9	SAS	593	146	132	64	41	58	6	16	RAREsim
9	SAS	607	148	152	83	50	49	7	17	RAREsim
9	SAS	644	156	132	62	45	45	8	18	RAREsim
9	SAS	602	145	134	71	35	43	6	19	RAREsim
9	SAS	614	153	149	73	41	44	4	20	RAREsim
9	SAS	630	149	134	72	30	59	8	21	RAREsim
9	SAS	603	152	147	76	41	48	8	22	RAREsim
9	SAS	645	164	129	61	55	55	7	23	RAREsim
9	SAS	593	154	141	66	47	47	11	24	RAREsim
9	SAS	604	148	151	72	39	59	5	25	RAREsim
9	SAS	619	137	137	61	53	51	7	26	RAREsim
9	SAS	625	161	147	63	37	55	7	27	RAREsim
9	SAS	617	159	163	66	40	61	8	28	RAREsim
9	SAS	601	153	141	67	41	52	7	29	RAREsim
9	SAS	605	156	159	75	44	50	4	30	RAREsim
9	SAS	591	147	150	75	39	48	4	31	RAREsim
9	SAS	622	173	133	61	52	55	7	32	RAREsim
9	SAS	597	160	146	69	49	50	6	33	RAREsim
9	SAS	606	131	145	57	51	56	8	34	RAREsim
9	SAS	627	143	141	66	38	48	4	35	RAREsim
9	SAS	610	146	123	71	43	53	4	36	RAREsim
9	SAS	610	142	132	68	28	50	8	37	RAREsim
9	SAS	624	144	133	56	38	54	10	38	RAREsim
9	SAS	589	158	138	58	51	49	5	39	RAREsim
9	SAS	613	134	138	74	35	62	5	40	RAREsim
9	SAS	620	148	142	55	41	53	2	41	RAREsim
9	SAS	628	140	136	53	46	46	7	42	RAREsim
9	SAS	622	165	148	72	36	51	5	43	RAREsim
9	SAS	589	148	137	72	36	56	10	44	RAREsim
9	SAS	590	152	146	56	38	51	4	45	RAREsim
9	SAS	624	150	145	59	35	50	5	46	RAREsim
9	SAS	592	145	151	64	37	56	10	47	RAREsim
9	SAS	615	152	123	78	45	74	4	48	RAREsim
9	SAS	598	141	137	65	45	56	8	49	RAREsim
9	SAS	628	155	154	64	44	48	6	50	RAREsim
9	SAS	614	162	137	69	49	50	5	51	RAREsim
9	SAS	599	164	143	71	43	60	5	52	RAREsim
9	SAS	614	148	127	65	46	50	3	53	RAREsim
9	SAS	600	141	124	72	35	70	6	54	RAREsim
9	SAS	642	157	141	76	38	62	7	55	RAREsim
9	SAS	607	158	121	61	37	49	9	56	RAREsim
9	SAS	634	137	154	67	36	47	7	57	RAREsim
9	SAS	614	151	157	63	36	49	8	58	RAREsim
9	SAS	609	138	151	67	44	53	5	59	RAREsim
9	SAS	627	140	123	63	35	54	7	60	RAREsim
9	SAS	617	156	152	62	43	52	5	61	RAREsim
9	SAS	619	145	149	66	43	49	1	62	RAREsim
9	SAS	600	157	132	61	45	46	6	63	RAREsim
9	SAS	601	151	152	80	37	56	5	64	RAREsim
9	SAS	612	161	140	66	34	68	7	65	RAREsim
9	SAS	619	147	141	82	40	58	9	66	RAREsim
9	SAS	610	144	142	69	34	53	5	67	RAREsim
9	SAS	640	138	137	81	50	51	9	68	RAREsim
9	SAS	617	153	151	58	29	46	4	69	RAREsim
9	SAS	605	139	139	65	46	55	7	70	RAREsim
9	SAS	616	150	144	63	43	51	7	71	RAREsim
9	SAS	650	138	120	63	33	60	8	72	RAREsim
9	SAS	621	144	135	61	41	62	5	73	RAREsim
9	SAS	597	138	152	67	40	55	7	74	RAREsim
9	SAS	601	150	121	65	41	60	5	75	RAREsim
9	SAS	608	164	139	54	41	65	5	76	RAREsim
9	SAS	617	150	135	72	34	68	9	77	RAREsim
9	SAS	634	144	147	77	40	50	8	78	RAREsim
9	SAS	632	135	132	53	50	56	12	79	RAREsim
9	SAS	604	156	138	66	50	45	6	80	RAREsim
9	SAS	628	152	154	66	43	49	8	81	RAREsim
9	SAS	610	138	138	67	44	68	6	82	RAREsim
9	SAS	617	160	141	63	39	47	8	83	RAREsim
9	SAS	602	146	150	54	42	63	6	84	RAREsim
9	SAS	620	143	155	64	49	58	3	85	RAREsim
9	SAS	602	142	115	72	36	50	7	86	RAREsim
9	SAS	625	165	155	66	50	48	11	87	RAREsim
9	SAS	621	156	126	70	33	57	8	88	RAREsim
9	SAS	619	155	141	69	39	38	10	89	RAREsim
9	SAS	611	146	156	74	38	54	6	90	RAREsim
9	SAS	597	161	158	64	28	56	3	91	RAREsim
9	SAS	584	142	142	64	43	61	4	92	RAREsim
9	SAS	607	156	125	61	38	59	7	93	RAREsim
9	SAS	614	156	125	68	38	61	3	94	RAREsim
9	SAS	615	157	146	60	49	55	8	95	RAREsim
9	SAS	602	147	142	69	41	54	7	96	RAREsim
9	SAS	605	163	160	64	41	39	6	97	RAREsim
9	SAS	624	147	142	69	43	57	5	98	RAREsim
9	SAS	627	159	141	76	55	58	6	99	RAREsim
9	SAS	592	167	123	60	40	49	7	100	RAREsim
1	AFR	566	126	126	80	47	51	14	1	RAREsim
1	AFR	552	140	130	65	42	51	14	2	RAREsim
1	AFR	568	132	136	64	46	51	14	3	RAREsim
1	AFR	538	125	123	56	42	53	11	4	RAREsim
1	AFR	565	149	113	47	45	43	13	5	RAREsim
1	AFR	566	147	130	59	53	53	12	6	RAREsim
1	AFR	535	137	123	74	49	37	14	7	RAREsim
1	AFR	531	123	135	67	47	56	15	8	RAREsim
1	AFR	556	134	138	61	50	51	15	9	RAREsim
1	AFR	584	127	114	81	46	55	13	10	RAREsim
1	AFR	545	156	144	71	56	61	12	11	RAREsim
1	AFR	590	142	119	75	35	47	12	12	RAREsim
1	AFR	589	150	122	65	41	48	12	13	RAREsim
1	AFR	568	133	133	59	52	60	13	14	RAREsim
1	AFR	566	134	117	69	51	66	12	15	RAREsim
1	AFR	550	138	118	64	45	51	13	16	RAREsim
1	AFR	565	133	142	69	46	49	12	17	RAREsim
1	AFR	581	117	134	67	56	53	14	18	RAREsim
1	AFR	568	149	130	61	46	48	11	19	RAREsim
1	AFR	563	142	139	79	34	46	11	20	RAREsim
1	AFR	540	138	111	67	42	48	9	21	RAREsim
1	AFR	581	149	126	76	44	62	13	22	RAREsim
1	AFR	550	150	134	63	46	53	11	23	RAREsim
1	AFR	553	134	140	63	54	45	15	24	RAREsim
1	AFR	590	149	124	59	59	43	16	25	RAREsim
1	AFR	572	123	124	61	40	51	13	26	RAREsim
1	AFR	550	135	131	72	31	51	15	27	RAREsim
1	AFR	572	115	127	58	45	57	12	28	RAREsim
1	AFR	569	137	128	69	54	46	12	29	RAREsim
1	AFR	541	134	128	57	50	51	11	30	RAREsim
1	AFR	588	140	119	54	47	52	13	31	RAREsim
1	AFR	571	121	125	56	50	44	14	32	RAREsim
1	AFR	542	124	134	70	49	41	15	33	RAREsim
1	AFR	554	135	151	64	34	50	14	34	RAREsim
1	AFR	554	134	128	72	52	43	13	35	RAREsim
1	AFR	574	144	127	74	46	56	13	36	RAREsim
1	AFR	528	139	129	64	44	43	12	37	RAREsim
1	AFR	571	150	127	57	44	51	13	38	RAREsim
1	AFR	556	120	131	68	47	53	14	39	RAREsim
1	AFR	545	143	130	71	49	52	15	40	RAREsim
1	AFR	563	131	116	73	46	61	14	41	RAREsim
1	AFR	555	125	130	84	48	68	9	42	RAREsim
1	AFR	542	120	121	51	29	50	14	43	RAREsim
1	AFR	531	131	143	68	33	46	12	44	RAREsim
1	AFR	543	138	129	71	50	50	13	45	RAREsim
1	AFR	582	130	129	72	42	46	11	46	RAREsim
1	AFR	542	137	136	62	51	45	13	47	RAREsim
1	AFR	538	133	119	68	42	48	16	48	RAREsim
1	AFR	558	135	121	70	31	54	17	49	RAREsim
1	AFR	576	120	137	57	50	49	13	50	RAREsim
1	AFR	565	149	113	79	50	41	13	51	RAREsim
1	AFR	538	122	152	68	43	43	13	52	RAREsim
1	AFR	592	132	126	56	45	49	18	53	RAREsim
1	AFR	603	138	117	61	52	50	12	54	RAREsim
1	AFR	578	164	121	71	43	54	13	55	RAREsim
1	AFR	557	136	132	61	54	50	13	56	RAREsim
1	AFR	577	126	135	60	37	56	15	57	RAREsim
1	AFR	548	132	124	64	34	48	12	58	RAREsim
1	AFR	537	135	137	66	41	50	10	59	RAREsim
1	AFR	565	135	141	56	55	49	13	60	RAREsim
1	AFR	568	125	123	64	47	46	12	61	RAREsim
1	AFR	570	129	142	64	41	61	10	62	RAREsim
1	AFR	557	140	110	69	32	55	12	63	RAREsim
1	AFR	563	145	126	70	46	44	12	64	RAREsim
1	AFR	537	122	125	78	35	44	12	65	RAREsim
1	AFR	596	121	139	75	41	42	17	66	RAREsim
1	AFR	566	144	127	58	41	55	14	67	RAREsim
1	AFR	541	125	142	51	52	53	14	68	RAREsim
1	AFR	561	132	137	64	49	41	12	69	RAREsim
1	AFR	548	137	136	62	38	40	11	70	RAREsim
1	AFR	563	115	137	61	52	53	12	71	RAREsim
1	AFR	561	130	124	66	48	39	14	72	RAREsim
1	AFR	554	138	137	68	59	50	16	73	RAREsim
1	AFR	575	135	131	58	44	54	15	74	RAREsim
1	AFR	597	129	132	70	39	47	11	75	RAREsim
1	AFR	578	136	145	64	52	58	14	76	RAREsim
1	AFR	582	127	131	52	48	60	12	77	RAREsim
1	AFR	535	152	130	46	53	43	17	78	RAREsim
1	AFR	581	132	116	60	46	52	15	79	RAREsim
1	AFR	566	137	136	55	49	49	12	80	RAREsim
1	AFR	552	147	155	64	48	39	14	81	RAREsim
1	AFR	549	116	128	70	40	43	12	82	RAREsim
1	AFR	547	129	146	70	47	52	13	83	RAREsim
1	AFR	560	149	131	61	49	40	13	84	RAREsim
1	AFR	565	160	130	70	46	44	16	85	RAREsim
1	AFR	556	132	139	74	61	41	14	86	RAREsim
1	AFR	580	147	141	68	49	57	15	87	RAREsim
1	AFR	549	133	133	81	45	48	16	88	RAREsim
1	AFR	540	134	140	87	47	58	13	89	RAREsim
1	AFR	566	146	130	67	42	52	10	90	RAREsim
1	AFR	568	147	139	62	42	42	16	91	RAREsim
1	AFR	562	146	143	59	51	46	15	92	RAREsim
1	AFR	575	144	131	84	56	48	14	93	RAREsim
1	AFR	581	141	148	62	40	48	13	94	RAREsim
1	AFR	569	129	108	68	41	43	14	95	RAREsim
1	AFR	561	151	143	74	42	48	13	96	RAREsim
1	AFR	561	136	130	55	44	51	13	97	RAREsim
1	AFR	555	137	147	72	47	58	14	98	RAREsim
1	AFR	535	121	156	64	55	46	15	99	RAREsim
1	AFR	582	137	120	71	39	57	13	100	RAREsim
6	AFR	272	68	66	33	30	21	3	1	RAREsim
6	AFR	296	79	74	34	25	25	8	2	RAREsim
6	AFR	284	74	61	28	25	21	4	3	RAREsim
6	AFR	320	64	55	43	17	32	10	4	RAREsim
6	AFR	286	64	74	27	20	26	5	5	RAREsim
6	AFR	261	87	71	33	18	30	8	6	RAREsim
6	AFR	287	56	74	24	32	22	10	7	RAREsim
6	AFR	283	65	62	31	29	22	7	8	RAREsim
6	AFR	315	57	69	42	26	28	5	9	RAREsim
6	AFR	296	80	67	32	25	22	2	10	RAREsim
6	AFR	263	67	67	27	27	32	5	11	RAREsim
6	AFR	284	75	65	34	23	23	8	12	RAREsim
6	AFR	285	52	63	35	23	23	6	13	RAREsim
6	AFR	283	67	62	28	25	26	5	14	RAREsim
6	AFR	293	65	57	39	28	29	6	15	RAREsim
6	AFR	286	67	69	31	19	14	8	16	RAREsim
6	AFR	278	63	63	27	20	28	3	17	RAREsim
6	AFR	297	58	59	39	18	29	7	18	RAREsim
6	AFR	290	58	60	19	18	21	8	19	RAREsim
6	AFR	283	66	75	32	28	31	7	20	RAREsim
6	AFR	277	59	49	34	17	25	9	21	RAREsim
6	AFR	283	63	62	32	22	27	5	22	RAREsim
6	AFR	304	67	63	18	27	25	8	23	RAREsim
6	AFR	270	69	54	35	23	26	5	24	RAREsim
6	AFR	280	73	62	27	22	32	5	25	RAREsim
6	AFR	293	69	62	31	19	24	8	26	RAREsim
6	AFR	296	59	48	31	23	32	9	27	RAREsim
6	AFR	274	67	62	22	18	22	3	28	RAREsim
6	AFR	280	73	62	28	28	19	8	29	RAREsim
6	AFR	282	66	69	35	25	26	7	30	RAREsim
6	AFR	282	67	52	33	24	22	4	31	RAREsim
6	AFR	280	60	75	25	23	26	6	32	RAREsim
6	AFR	284	59	57	33	22	24	7	33	RAREsim
6	AFR	272	59	71	24	16	25	7	34	RAREsim
6	AFR	306	71	65	35	28	23	7	35	RAREsim
6	AFR	304	84	87	32	24	25	6	36	RAREsim
6	AFR	296	76	74	35	23	21	10	37	RAREsim
6	AFR	286	66	67	23	17	31	7	38	RAREsim
6	AFR	286	68	71	35	26	28	9	39	RAREsim
6	AFR	292	70	61	44	20	22	3	40	RAREsim
6	AFR	262	64	71	37	17	15	8	41	RAREsim
6	AFR	280	76	63	29	27	24	11	42	RAREsim
6	AFR	300	64	69	24	21	22	7	43	RAREsim
6	AFR	277	73	81	31	26	26	6	44	RAREsim
6	AFR	280	84	67	29	22	22	8	45	RAREsim
6	AFR	295	64	67	33	23	26	7	46	RAREsim
6	AFR	277	60	55	34	25	24	7	47	RAREsim
6	AFR	290	71	48	32	33	23	6	48	RAREsim
6	AFR	273	67	60	31	15	28	4	49	RAREsim
6	AFR	292	59	76	38	28	32	3	50	RAREsim
6	AFR	293	59	63	42	19	24	11	51	RAREsim
6	AFR	276	59	64	28	22	23	7	52	RAREsim
6	AFR	310	66	62	30	21	29	4	53	RAREsim
6	AFR	291	57	62	30	25	21	7	54	RAREsim
6	AFR	296	78	66	33	18	18	5	55	RAREsim
6	AFR	266	74	67	40	13	27	6	56	RAREsim
6	AFR	273	69	61	37	19	32	4	57	RAREsim
6	AFR	270	65	60	39	21	27	5	58	RAREsim
6	AFR	285	60	49	37	20	23	7	59	RAREsim
6	AFR	260	63	61	38	26	36	6	60	RAREsim
6	AFR	279	64	58	32	30	25	3	61	RAREsim
6	AFR	287	61	70	41	22	26	7	62	RAREsim
6	AFR	274	55	66	31	31	27	6	63	RAREsim
6	AFR	280	72	72	36	14	20	9	64	RAREsim
6	AFR	282	71	63	32	21	27	7	65	RAREsim
6	AFR	280	77	70	27	24	25	7	66	RAREsim
6	AFR	292	81	76	28	30	32	6	67	RAREsim
6	AFR	263	69	69	33	20	24	7	68	RAREsim
6	AFR	276	50	60	31	20	25	7	69	RAREsim
6	AFR	287	75	58	32	21	30	6	70	RAREsim
6	AFR	263	75	65	41	19	20	7	71	RAREsim
6	AFR	273	68	69	28	22	26	6	72	RAREsim
6	AFR	284	76	72	26	24	30	9	73	RAREsim
6	AFR	288	67	71	27	31	26	6	74	RAREsim
6	AFR	271	72	64	31	24	26	6	75	RAREsim
6	AFR	269	69	77	33	27	29	8	76	RAREsim
6	AFR	305	76	72	36	18	22	7	77	RAREsim
6	AFR	297	70	69	27	27	21	4	78	RAREsim
6	AFR	292	73	83	40	28	26	4	79	RAREsim
6	AFR	284	69	80	27	15	25	9	80	RAREsim
6	AFR	266	66	55	30	24	25	5	81	RAREsim
6	AFR	305	61	54	39	21	29	7	82	RAREsim
6	AFR	301	74	52	37	21	23	8	83	RAREsim
6	AFR	295	66	54	28	16	32	7	84	RAREsim
6	AFR	298	68	65	42	21	19	5	85	RAREsim
6	AFR	270	69	68	33	25	27	5	86	RAREsim
6	AFR	285	78	64	32	24	30	8	87	RAREsim
6	AFR	256	77	61	31	26	32	7	88	RAREsim
6	AFR	262	64	69	30	16	23	4	89	RAREsim
6	AFR	300	53	67	37	22	24	7	90	RAREsim
6	AFR	293	71	56	31	25	30	7	91	RAREsim
6	AFR	295	65	53	36	16	29	6	92	RAREsim
6	AFR	291	67	70	41	17	29	7	93	RAREsim
6	AFR	296	70	65	36	31	22	6	94	RAREsim
6	AFR	288	72	54	29	22	32	6	95	RAREsim
6	AFR	283	76	62	33	20	27	5	96	RAREsim
6	AFR	296	70	68	38	19	30	7	97	RAREsim
6	AFR	275	62	65	33	23	26	5	98	RAREsim
6	AFR	292	65	71	36	25	22	4	99	RAREsim
6	AFR	286	70	51	33	29	25	6	100	RAREsim
9	AFR	396	86	86	43	31	31	8	1	RAREsim
9	AFR	365	88	102	34	30	35	7	2	RAREsim
9	AFR	384	96	80	48	34	33	8	3	RAREsim
9	AFR	381	85	101	50	28	29	8	4	RAREsim
9	AFR	414	112	84	44	39	32	9	5	RAREsim
9	AFR	365	89	78	46	34	34	12	6	RAREsim
9	AFR	391	98	84	47	30	37	10	7	RAREsim
9	AFR	393	89	91	51	32	35	7	8	RAREsim
9	AFR	396	93	89	45	29	37	9	9	RAREsim
9	AFR	394	92	78	44	29	40	6	10	RAREsim
9	AFR	381	77	109	47	28	30	7	11	RAREsim
9	AFR	385	89	81	36	27	43	11	12	RAREsim
9	AFR	346	88	84	39	23	32	10	13	RAREsim
9	AFR	377	91	85	45	26	40	8	14	RAREsim
9	AFR	406	97	91	40	38	45	6	15	RAREsim
9	AFR	406	91	98	48	31	30	9	16	RAREsim
9	AFR	382	86	85	42	27	41	9	17	RAREsim
9	AFR	408	101	79	57	33	32	10	18	RAREsim
9	AFR	391	100	93	45	18	38	5	19	RAREsim
9	AFR	353	95	85	53	23	37	11	20	RAREsim
9	AFR	345	84	101	47	27	43	12	21	RAREsim
9	AFR	372	87	82	44	33	38	10	22	RAREsim
9	AFR	393	95	93	33	22	36	9	23	RAREsim
9	AFR	387	102	95	36	31	38	10	24	RAREsim
9	AFR	378	83	82	53	28	31	12	25	RAREsim
9	AFR	392	96	77	48	25	38	4	26	RAREsim
9	AFR	413	93	80	48	22	42	10	27	RAREsim
9	AFR	423	89	98	44	25	32	8	28	RAREsim
9	AFR	368	92	91	50	27	23	8	29	RAREsim
9	AFR	380	90	80	41	30	28	8	30	RAREsim
9	AFR	386	99	84	57	31	31	10	31	RAREsim
9	AFR	384	77	100	42	29	21	14	32	RAREsim
9	AFR	386	88	104	45	28	44	12	33	RAREsim
9	AFR	385	94	102	47	21	33	9	34	RAREsim
9	AFR	393	78	109	47	26	33	11	35	RAREsim
9	AFR	389	99	100	38	32	29	9	36	RAREsim
9	AFR	388	90	85	48	32	34	9	37	RAREsim
9	AFR	393	84	108	54	30	32	8	38	RAREsim
9	AFR	393	93	102	43	30	46	6	39	RAREsim
9	AFR	394	85	84	45	21	41	9	40	RAREsim
9	AFR	372	83	86	38	36	39	11	41	RAREsim
9	AFR	368	87	94	34	31	35	9	42	RAREsim
9	AFR	390	89	85	40	25	39	10	43	RAREsim
9	AFR	381	94	100	42	39	34	8	44	RAREsim
9	AFR	373	99	90	57	31	33	10	45	RAREsim
9	AFR	396	100	79	55	28	29	5	46	RAREsim
9	AFR	368	79	97	52	29	31	11	47	RAREsim
9	AFR	419	93	88	71	39	37	9	48	RAREsim
9	AFR	405	80	88	46	44	38	10	49	RAREsim
9	AFR	389	100	81	46	37	40	7	50	RAREsim
9	AFR	379	102	108	46	38	43	10	51	RAREsim
9	AFR	409	94	83	50	25	38	7	52	RAREsim
9	AFR	387	89	98	40	29	32	11	53	RAREsim
9	AFR	401	91	99	47	36	30	8	54	RAREsim
9	AFR	387	104	106	50	30	26	8	55	RAREsim
9	AFR	373	90	89	48	28	32	8	56	RAREsim
9	AFR	371	93	91	44	29	35	9	57	RAREsim
9	AFR	392	83	101	54	32	35	12	58	RAREsim
9	AFR	395	91	99	52	27	38	8	59	RAREsim
9	AFR	390	70	75	45	30	32	9	60	RAREsim
9	AFR	382	82	99	36	29	32	10	61	RAREsim
9	AFR	378	93	76	50	32	33	10	62	RAREsim
9	AFR	390	90	92	36	23	35	8	63	RAREsim
9	AFR	391	94	81	56	25	37	11	64	RAREsim
9	AFR	382	96	93	43	31	42	12	65	RAREsim
9	AFR	372	94	103	41	22	43	9	66	RAREsim
9	AFR	383	101	92	42	32	39	9	67	RAREsim
9	AFR	387	107	87	40	36	36	9	68	RAREsim
9	AFR	398	89	85	49	33	30	9	69	RAREsim
9	AFR	401	94	95	46	33	39	10	70	RAREsim
9	AFR	391	104	93	52	30	33	7	71	RAREsim
9	AFR	402	85	89	51	33	47	6	72	RAREsim
9	AFR	383	82	101	44	35	36	10	73	RAREsim
9	AFR	389	93	78	44	32	45	7	74	RAREsim
9	AFR	387	106	96	63	30	35	9	75	RAREsim
9	AFR	360	90	83	42	22	31	8	76	RAREsim
9	AFR	392	102	106	34	30	28	9	77	RAREsim
9	AFR	407	107	92	47	28	38	9	78	RAREsim
9	AFR	400	81	81	53	23	39	7	79	RAREsim
9	AFR	373	98	99	38	31	40	6	80	RAREsim
9	AFR	379	113	84	31	36	35	9	81	RAREsim
9	AFR	386	116	86	47	28	39	10	82	RAREsim
9	AFR	365	88	101	46	36	31	11	83	RAREsim
9	AFR	371	92	97	48	31	34	9	84	RAREsim
9	AFR	383	70	69	45	30	38	10	85	RAREsim
9	AFR	365	82	88	36	38	27	9	86	RAREsim
9	AFR	369	93	76	51	28	28	10	87	RAREsim
9	AFR	370	87	104	51	31	42	12	88	RAREsim
9	AFR	371	100	95	52	35	34	10	89	RAREsim
9	AFR	386	91	91	49	37	26	9	90	RAREsim
9	AFR	352	94	79	47	28	26	11	91	RAREsim
9	AFR	401	101	89	43	25	24	7	92	RAREsim
9	AFR	403	98	89	45	28	42	11	93	RAREsim
9	AFR	396	87	105	42	31	28	13	94	RAREsim
9	AFR	392	87	83	43	38	26	9	95	RAREsim
9	AFR	365	84	101	45	27	21	8	96	RAREsim
9	AFR	390	94	77	43	32	33	10	97	RAREsim
9	AFR	391	94	81	41	22	31	10	98	RAREsim
9	AFR	401	94	90	40	38	37	9	99	RAREsim
9	AFR	386	79	93	41	29	38	10	100	RAREsim
1	NFE	1829	537	494	221	119	143	1	1	RAREsim
1	NFE	1893	532	478	235	120	130	6	2	RAREsim
1	NFE	1855	531	496	193	114	136	3	3	RAREsim
1	NFE	1822	537	485	202	126	137	2	4	RAREsim
1	NFE	1814	541	481	196	137	140	2	5	RAREsim
1	NFE	1830	539	501	250	115	133	3	6	RAREsim
1	NFE	1813	541	488	228	93	145	1	7	RAREsim
1	NFE	1807	539	512	214	127	142	3	8	RAREsim
1	NFE	1820	532	501	200	117	127	3	9	RAREsim
1	NFE	1885	546	513	224	115	138	5	10	RAREsim
1	NFE	1818	539	499	218	129	132	1	11	RAREsim
1	NFE	1848	547	482	213	102	127	3	12	RAREsim
1	NFE	1856	548	484	187	104	139	2	13	RAREsim
1	NFE	1861	525	462	198	126	142	5	14	RAREsim
1	NFE	1854	545	484	191	127	145	1	15	RAREsim
1	NFE	1866	536	506	205	112	151	1	16	RAREsim
1	NFE	1839	553	494	197	124	128	4	17	RAREsim
1	NFE	1860	553	507	227	113	134	3	18	RAREsim
1	NFE	1846	533	502	196	122	113	1	19	RAREsim
1	NFE	1825	539	487	211	136	136	2	20	RAREsim
1	NFE	1854	543	490	229	123	113	5	21	RAREsim
1	NFE	1808	530	485	224	123	146	3	22	RAREsim
1	NFE	1843	518	489	227	111	133	2	23	RAREsim
1	NFE	1817	525	496	204	126	142	5	24	RAREsim
1	NFE	1871	538	489	228	129	120	3	25	RAREsim
1	NFE	1846	526	453	210	121	123	3	26	RAREsim
1	NFE	1846	523	494	207	119	133	1	27	RAREsim
1	NFE	1843	546	468	200	131	126	1	28	RAREsim
1	NFE	1865	534	487	211	114	120	3	29	RAREsim
1	NFE	1855	539	492	228	126	152	6	30	RAREsim
1	NFE	1837	519	509	212	125	120	1	31	RAREsim
1	NFE	1840	539	489	217	131	151	2	32	RAREsim
1	NFE	1858	540	489	190	135	126	1	33	RAREsim
1	NFE	1851	547	507	216	109	156	5	34	RAREsim
1	NFE	1821	525	489	234	122	130	2	35	RAREsim
1	NFE	1833	532	475	226	125	128	4	36	RAREsim
1	NFE	1869	540	482	205	113	122	3	37	RAREsim
1	NFE	1878	534	493	240	118	114	4	38	RAREsim
1	NFE	1842	534	507	207	136	114	1	39	RAREsim
1	NFE	1870	536	487	215	138	131	5	40	RAREsim
1	NFE	1840	548	498	216	148	130	3	41	RAREsim
1	NFE	1863	534	500	221	134	141	3	42	RAREsim
1	NFE	1824	538	480	195	136	136	3	43	RAREsim
1	NFE	1836	528	488	209	117	140	3	44	RAREsim
1	NFE	1843	534	468	240	129	142	3	45	RAREsim
1	NFE	1842	528	527	200	110	137	4	46	RAREsim
1	NFE	1833	525	504	206	119	136	5	47	RAREsim
1	NFE	1842	540	499	197	105	143	1	48	RAREsim
1	NFE	1840	531	487	227	138	119	1	49	RAREsim
1	NFE	1848	540	499	213	127	122	4	50	RAREsim
1	NFE	1889	517	478	223	138	137	3	51	RAREsim
1	NFE	1845	527	499	217	127	121	1	52	RAREsim
1	NFE	1796	547	498	214	118	122	3	53	RAREsim
1	NFE	1840	511	456	224	125	135	0	54	RAREsim
1	NFE	1873	540	486	197	127	151	2	55	RAREsim
1	NFE	1855	546	509	239	124	142	2	56	RAREsim
1	NFE	1857	539	521	224	123	142	2	57	RAREsim
1	NFE	1864	544	520	238	95	126	1	58	RAREsim
1	NFE	1847	521	487	207	112	141	3	59	RAREsim
1	NFE	1877	532	494	197	119	128	4	60	RAREsim
1	NFE	1810	522	484	218	109	128	4	61	RAREsim
1	NFE	1813	532	495	232	138	128	2	62	RAREsim
1	NFE	1866	541	488	214	125	142	2	63	RAREsim
1	NFE	1853	532	497	208	124	149	3	64	RAREsim
1	NFE	1887	516	494	209	134	165	3	65	RAREsim
1	NFE	1846	531	526	217	125	119	2	66	RAREsim
1	NFE	1881	517	482	205	129	128	2	67	RAREsim
1	NFE	1808	531	497	234	126	123	4	68	RAREsim
1	NFE	1836	531	508	199	122	118	0	69	RAREsim
1	NFE	1809	548	492	234	125	133	3	70	RAREsim
1	NFE	1843	542	487	226	116	131	1	71	RAREsim
1	NFE	1806	538	501	197	128	137	3	72	RAREsim
1	NFE	1862	544	462	220	115	142	4	73	RAREsim
1	NFE	1840	518	462	207	125	140	2	74	RAREsim
1	NFE	1829	512	468	230	124	138	0	75	RAREsim
1	NFE	1831	534	495	191	134	136	1	76	RAREsim
1	NFE	1871	539	493	203	133	133	5	77	RAREsim
1	NFE	1857	533	508	220	123	102	3	78	RAREsim
1	NFE	1855	524	494	223	124	131	3	79	RAREsim
1	NFE	1824	530	530	205	106	134	2	80	RAREsim
1	NFE	1850	531	480	229	121	130	3	81	RAREsim
1	NFE	1856	528	499	229	124	139	0	82	RAREsim
1	NFE	1851	540	482	204	129	101	4	83	RAREsim
1	NFE	1893	532	488	212	113	123	4	84	RAREsim
1	NFE	1814	537	470	219	108	127	4	85	RAREsim
1	NFE	1871	527	482	203	139	140	2	86	RAREsim
1	NFE	1884	543	466	191	110	123	2	87	RAREsim
1	NFE	1870	534	487	242	106	145	4	88	RAREsim
1	NFE	1841	538	494	203	126	123	4	89	RAREsim
1	NFE	1874	538	500	211	121	128	4	90	RAREsim
1	NFE	1831	523	483	205	115	142	4	91	RAREsim
1	NFE	1842	529	495	213	135	134	4	92	RAREsim
1	NFE	1853	537	505	204	123	120	1	93	RAREsim
1	NFE	1853	548	479	217	116	114	3	94	RAREsim
1	NFE	1820	527	474	222	121	124	1	95	RAREsim
1	NFE	1855	535	485	203	101	134	3	96	RAREsim
1	NFE	1826	515	492	229	133	117	5	97	RAREsim
1	NFE	1801	540	485	203	108	125	2	98	RAREsim
1	NFE	1857	533	473	205	118	127	3	99	RAREsim
1	NFE	1838	537	496	214	102	130	1	100	RAREsim
6	NFE	954	270	255	98	66	58	2	1	RAREsim
6	NFE	921	270	261	115	55	69	1	2	RAREsim
6	NFE	934	279	256	96	51	79	1	3	RAREsim
6	NFE	903	261	239	108	58	76	2	4	RAREsim
6	NFE	952	271	227	112	70	66	1	5	RAREsim
6	NFE	917	263	231	107	51	68	3	6	RAREsim
6	NFE	952	267	250	110	67	53	2	7	RAREsim
6	NFE	951	270	235	104	67	56	1	8	RAREsim
6	NFE	925	269	245	104	83	67	3	9	RAREsim
6	NFE	915	268	244	112	63	71	3	10	RAREsim
6	NFE	920	265	241	110	54	68	1	11	RAREsim
6	NFE	937	275	243	107	59	65	2	12	RAREsim
6	NFE	928	262	254	103	62	57	3	13	RAREsim
6	NFE	927	275	235	107	81	71	1	14	RAREsim
6	NFE	900	272	254	109	53	56	2	15	RAREsim
6	NFE	936	263	244	108	54	61	2	16	RAREsim
6	NFE	931	275	239	109	55	72	2	17	RAREsim
6	NFE	896	275	230	118	58	85	0	18	RAREsim
6	NFE	939	279	240	104	70	55	2	19	RAREsim
6	NFE	913	274	247	118	64	84	3	20	RAREsim
6	NFE	933	270	248	105	59	77	5	21	RAREsim
6	NFE	968	258	241	107	68	65	2	22	RAREsim
6	NFE	935	268	233	96	59	71	1	23	RAREsim
6	NFE	912	269	241	118	60	62	1	24	RAREsim
6	NFE	917	272	254	113	54	76	2	25	RAREsim
6	NFE	924	267	252	102	64	76	1	26	RAREsim
6	NFE	952	274	240	102	54	69	2	27	RAREsim
6	NFE	913	265	258	90	56	66	2	28	RAREsim
6	NFE	899	258	251	92	63	78	1	29	RAREsim
6	NFE	926	267	212	109	57	70	1	30	RAREsim
6	NFE	934	257	236	118	49	56	2	31	RAREsim
6	NFE	918	276	258	109	46	79	1	32	RAREsim
6	NFE	916	267	261	99	56	75	1	33	RAREsim
6	NFE	918	278	269	95	48	56	2	34	RAREsim
6	NFE	945	275	255	114	56	62	1	35	RAREsim
6	NFE	916	268	223	101	62	74	4	36	RAREsim
6	NFE	892	262	245	109	57	75	0	37	RAREsim
6	NFE	943	270	251	109	63	81	0	38	RAREsim
6	NFE	946	264	260	109	62	70	1	39	RAREsim
6	NFE	932	264	264	98	64	71	1	40	RAREsim
6	NFE	937	261	261	118	64	66	3	41	RAREsim
6	NFE	910	260	238	107	57	61	2	42	RAREsim
6	NFE	906	264	264	120	51	71	2	43	RAREsim
6	NFE	904	265	274	105	58	66	0	44	RAREsim
6	NFE	934	263	248	109	53	74	1	45	RAREsim
6	NFE	922	268	245	124	62	59	1	46	RAREsim
6	NFE	891	268	225	99	62	59	0	47	RAREsim
6	NFE	939	267	257	104	68	47	3	48	RAREsim
6	NFE	900	260	221	108	60	64	2	49	RAREsim
6	NFE	928	274	249	104	62	66	0	50	RAREsim
6	NFE	918	272	243	94	54	80	0	51	RAREsim
6	NFE	914	264	240	97	63	74	1	52	RAREsim
6	NFE	927	258	238	85	73	68	0	53	RAREsim
6	NFE	926	273	242	106	63	67	1	54	RAREsim
6	NFE	931	275	239	112	66	72	1	55	RAREsim
6	NFE	909	277	246	99	67	68	2	56	RAREsim
6	NFE	929	270	248	107	66	74	1	57	RAREsim
6	NFE	934	279	255	118	66	66	0	58	RAREsim
6	NFE	914	265	239	105	52	64	2	59	RAREsim
6	NFE	982	259	237	110	60	73	2	60	RAREsim
6	NFE	946	264	241	112	67	63	3	61	RAREsim
6	NFE	927	270	251	105	58	79	2	62	RAREsim
6	NFE	914	271	249	109	52	63	0	63	RAREsim
6	NFE	955	266	245	113	58	60	2	64	RAREsim
6	NFE	947	269	260	119	57	75	1	65	RAREsim
6	NFE	929	269	241	97	66	57	2	66	RAREsim
6	NFE	949	265	244	106	57	61	1	67	RAREsim
6	NFE	932	263	262	108	67	67	1	68	RAREsim
6	NFE	930	258	267	110	55	67	0	69	RAREsim
6	NFE	903	270	244	106	50	74	0	70	RAREsim
6	NFE	910	266	236	107	72	59	3	71	RAREsim
6	NFE	941	269	236	99	55	54	0	72	RAREsim
6	NFE	931	268	247	108	61	73	2	73	RAREsim
6	NFE	930	261	243	97	62	56	1	74	RAREsim
6	NFE	918	275	245	100	51	74	1	75	RAREsim
6	NFE	915	270	233	112	61	62	1	76	RAREsim
6	NFE	917	278	260	110	73	75	0	77	RAREsim
6	NFE	933	264	251	98	65	54	1	78	RAREsim
6	NFE	928	275	229	104	50	64	1	79	RAREsim
6	NFE	924	275	260	115	51	69	1	80	RAREsim
6	NFE	939	267	253	104	68	73	1	81	RAREsim
6	NFE	941	272	244	111	72	65	1	82	RAREsim
6	NFE	955	259	237	102	51	77	0	83	RAREsim
6	NFE	909	266	238	108	68	73	2	84	RAREsim
6	NFE	927	261	247	118	68	69	2	85	RAREsim
6	NFE	917	250	254	119	53	58	1	86	RAREsim
6	NFE	933	268	226	111	60	68	1	87	RAREsim
6	NFE	929	267	238	100	60	61	1	88	RAREsim
6	NFE	901	269	243	94	66	52	1	89	RAREsim
6	NFE	963	266	234	103	64	74	0	90	RAREsim
6	NFE	935	264	243	107	58	62	1	91	RAREsim
6	NFE	916	272	238	110	61	87	4	92	RAREsim
6	NFE	945	265	255	108	69	67	1	93	RAREsim
6	NFE	920	267	241	98	55	61	1	94	RAREsim
6	NFE	913	274	264	116	55	66	0	95	RAREsim
6	NFE	953	273	221	106	50	68	2	96	RAREsim
6	NFE	945	276	254	114	42	62	3	97	RAREsim
6	NFE	937	273	233	104	53	70	2	98	RAREsim
6	NFE	925	269	224	92	60	63	2	99	RAREsim
6	NFE	935	272	233	96	63	60	2	100	RAREsim
9	NFE	1267	358	318	136	87	90	2	1	RAREsim
9	NFE	1279	365	344	139	75	98	2	2	RAREsim
9	NFE	1267	375	368	130	84	87	1	3	RAREsim
9	NFE	1298	362	334	142	71	89	0	4	RAREsim
9	NFE	1281	358	322	166	100	93	0	5	RAREsim
9	NFE	1262	351	344	169	81	90	1	6	RAREsim
9	NFE	1247	369	331	151	108	110	1	7	RAREsim
9	NFE	1255	354	335	124	84	76	3	8	RAREsim
9	NFE	1269	353	375	134	65	85	3	9	RAREsim
9	NFE	1277	360	364	146	73	92	3	10	RAREsim
9	NFE	1299	373	327	166	83	101	1	11	RAREsim
9	NFE	1279	356	333	153	85	80	2	12	RAREsim
9	NFE	1264	367	354	145	87	90	4	13	RAREsim
9	NFE	1293	356	328	158	85	82	2	14	RAREsim
9	NFE	1279	366	333	134	77	73	1	15	RAREsim
9	NFE	1292	365	336	137	90	72	0	16	RAREsim
9	NFE	1263	355	358	137	80	97	1	17	RAREsim
9	NFE	1253	366	331	147	80	87	1	18	RAREsim
9	NFE	1286	365	341	135	74	85	2	19	RAREsim
9	NFE	1266	374	323	142	85	99	3	20	RAREsim
9	NFE	1271	355	347	166	91	91	5	21	RAREsim
9	NFE	1277	360	350	135	73	77	1	22	RAREsim
9	NFE	1258	361	323	150	75	88	4	23	RAREsim
9	NFE	1279	349	356	147	86	100	2	24	RAREsim
9	NFE	1272	366	314	133	67	101	1	25	RAREsim
9	NFE	1287	369	324	149	76	90	2	26	RAREsim
9	NFE	1283	364	340	153	99	74	1	27	RAREsim
9	NFE	1270	376	334	142	93	98	2	28	RAREsim
9	NFE	1261	369	334	129	82	82	3	29	RAREsim
9	NFE	1258	370	342	145	87	107	1	30	RAREsim
9	NFE	1272	366	350	162	73	96	2	31	RAREsim
9	NFE	1269	363	332	152	80	89	1	32	RAREsim
9	NFE	1254	365	344	158	91	107	1	33	RAREsim
9	NFE	1267	362	345	140	77	93	2	34	RAREsim
9	NFE	1260	372	325	155	85	86	1	35	RAREsim
9	NFE	1262	367	335	139	78	102	1	36	RAREsim
9	NFE	1242	352	326	127	89	76	4	37	RAREsim
9	NFE	1271	371	343	123	79	94	0	38	RAREsim
9	NFE	1289	366	332	137	77	97	0	39	RAREsim
9	NFE	1227	348	345	144	82	92	0	40	RAREsim
9	NFE	1252	357	309	154	82	98	5	41	RAREsim
9	NFE	1266	357	325	157	84	111	1	42	RAREsim
9	NFE	1289	360	317	150	72	85	1	43	RAREsim
9	NFE	1284	374	346	149	89	105	1	44	RAREsim
9	NFE	1267	365	309	149	77	104	1	45	RAREsim
9	NFE	1245	370	338	147	85	88	5	46	RAREsim
9	NFE	1243	375	327	142	90	88	1	47	RAREsim
9	NFE	1238	367	346	171	87	94	2	48	RAREsim
9	NFE	1266	353	352	140	88	82	0	49	RAREsim
9	NFE	1281	371	335	140	92	100	2	50	RAREsim
9	NFE	1261	368	324	142	90	90	2	51	RAREsim
9	NFE	1245	363	325	151	84	93	3	52	RAREsim
9	NFE	1286	370	332	160	83	92	2	53	RAREsim
9	NFE	1256	369	347	146	87	85	1	54	RAREsim
9	NFE	1294	359	361	145	68	95	2	55	RAREsim
9	NFE	1275	374	333	143	98	82	0	56	RAREsim
9	NFE	1265	352	326	147	89	88	2	57	RAREsim
9	NFE	1260	368	326	147	86	91	4	58	RAREsim
9	NFE	1263	365	325	159	83	84	1	59	RAREsim
9	NFE	1254	359	332	132	87	106	1	60	RAREsim
9	NFE	1262	364	338	138	87	88	2	61	RAREsim
9	NFE	1250	359	333	143	83	95	2	62	RAREsim
9	NFE	1272	357	344	156	79	80	2	63	RAREsim
9	NFE	1297	370	359	150	65	81	5	64	RAREsim
9	NFE	1274	357	342	154	83	87	3	65	RAREsim
9	NFE	1257	357	344	159	73	88	1	66	RAREsim
9	NFE	1283	371	339	150	72	78	5	67	RAREsim
9	NFE	1263	348	361	167	93	80	0	68	RAREsim
9	NFE	1277	374	325	167	73	106	4	69	RAREsim
9	NFE	1288	362	372	144	80	96	0	70	RAREsim
9	NFE	1278	368	329	161	89	96	3	71	RAREsim
9	NFE	1267	360	325	150	77	86	2	72	RAREsim
9	NFE	1259	373	355	136	78	98	1	73	RAREsim
9	NFE	1297	369	311	133	83	70	0	74	RAREsim
9	NFE	1285	352	333	130	89	88	2	75	RAREsim
9	NFE	1284	375	352	157	86	81	3	76	RAREsim
9	NFE	1272	369	326	157	84	86	1	77	RAREsim
9	NFE	1272	352	337	136	89	99	3	78	RAREsim
9	NFE	1286	378	335	149	77	94	2	79	RAREsim
9	NFE	1277	364	342	141	80	107	2	80	RAREsim
9	NFE	1287	361	322	146	81	93	1	81	RAREsim
9	NFE	1250	363	322	137	93	89	0	82	RAREsim
9	NFE	1288	362	336	134	87	96	0	83	RAREsim
9	NFE	1252	362	351	142	67	86	2	84	RAREsim
9	NFE	1245	360	336	131	76	104	4	85	RAREsim
9	NFE	1259	362	299	167	76	84	4	86	RAREsim
9	NFE	1292	370	323	141	89	89	3	87	RAREsim
9	NFE	1271	364	328	165	91	86	1	88	RAREsim
9	NFE	1264	358	329	133	85	104	0	89	RAREsim
9	NFE	1274	377	342	146	88	96	1	90	RAREsim
9	NFE	1279	357	321	143	84	94	3	91	RAREsim
9	NFE	1227	366	330	149	91	74	1	92	RAREsim
9	NFE	1279	362	346	153	69	88	3	93	RAREsim
9	NFE	1272	347	344	130	84	94	0	94	RAREsim
9	NFE	1272	366	335	140	73	86	1	95	RAREsim
9	NFE	1255	358	322	145	95	113	4	96	RAREsim
9	NFE	1233	370	340	151	78	97	2	97	RAREsim
9	NFE	1271	368	349	166	82	101	6	98	RAREsim
9	NFE	1290	366	340	138	90	96	3	99	RAREsim
9	NFE	1256	373	324	162	79	87	3	100	RAREsim
