block	Singletons	Doubletons	MAC.3.5	MAC.6.10	MAC.11.20	MAC.21.MAF0.005	MAF0.005.MAF0.01	Total	pop	N_bp	Zeros	per_rv
0	0.480851063829787	0.121276595744681	0.123404255319149	0.0638297872340425	0.0425531914893617	0.0659574468085106	0.0148936170212766	470	AFR	8490	1	0.912765957446808
1	0.516483516483517	0.130647130647131	0.102564102564103	0.0622710622710623	0.0317460317460317	0.0634920634920635	0.0207570207570208	819	AFR	13239	0	0.927960927960928
2	0.497167138810198	0.128895184135977	0.13314447592068	0.0580736543909348	0.0410764872521246	0.0552407932011331	0.018413597733711	706	AFR	11037	0	0.932011331444759
3	0.508364813815434	0.143550998381004	0.109552077711819	0.0474905558553697	0.0383162439287642	0.050728548300054	0.0161899622234215	1853	AFR	28833	0	0.914193200215866
4	0.582317073170732	0.128048780487805	0.125	0.0396341463414634	0.0274390243902439	0.0457317073170732	0.00914634146341463	328	AFR	6117	0	0.957317073170732
5	0.52	0.129090909090909	0.128181818181818	0.0663636363636364	0.04	0.0427272727272727	0.0181818181818182	1100	AFR	22692	0	0.944545454545455
6	0.507628294036061	0.153952843273232	0.128987517337032	0.0513176144244105	0.0305131761442441	0.0513176144244105	0.0221914008321775	721	AFR	13917	0	0.945908460471567
7	0.541549295774648	0.136619718309859	0.127464788732394	0.047887323943662	0.0408450704225352	0.0422535211267606	0.0126760563380282	1420	AFR	27279	0	0.949295774647887
9	0.541611624834874	0.117569352708058	0.122853368560106	0.0541611624834875	0.0211360634081902	0.0422721268163804	0.0290620871862616	757	AFR	12777	0	0.928665785997358
10	0.50137741046832	0.140495867768595	0.112947658402204	0.0633608815426997	0.0275482093663912	0.0633608815426997	0.0220385674931129	363	AFR	6936	0	0.931129476584022
11	0.542087542087542	0.134680134680135	0.144781144781145	0.0404040404040404	0.0269360269360269	0.0572390572390572	0.00336700336700337	297	AFR	5820	0	0.94949494949495
12	0.543103448275862	0.142241379310345	0.114224137931034	0.040948275862069	0.0344827586206897	0.0517241379310345	0.0172413793103448	464	AFR	8133	0	0.943965517241379
13	0.51440329218107	0.138888888888889	0.113168724279835	0.0555555555555556	0.0421810699588477	0.0637860082304527	0.0216049382716049	972	AFR	15207	0	0.949588477366255
14	0.544570502431118	0.136952998379254	0.103727714748784	0.0445705024311183	0.03322528363047	0.0542949756888169	0.0145867098865478	1234	AFR	23175	0	0.93192868719611
15	0.460863204096562	0.134601316752012	0.130212143379663	0.0665691294806145	0.0409656181419166	0.0607168983174835	0.027798098024872	1367	AFR	20241	0	0.921726408193124
16	0.551901336073998	0.146968139773895	0.110996916752312	0.0503597122302158	0.0318602261048304	0.0380267214799589	0.0143884892086331	973	AFR	16890	0	0.944501541623844
18	0.499661933739013	0.142663962136579	0.116970926301555	0.0588235294117647	0.0365111561866126	0.0588235294117647	0.0196078431372549	1479	AFR	25321	0	0.933062880324544
19	0.492628992628993	0.14004914004914	0.135135135135135	0.0552825552825553	0.0405405405405405	0.0491400491400491	0.0135135135135135	814	AFR	16731	0	0.926289926289926
20	0.548571428571429	0.114285714285714	0.114285714285714	0.0476190476190476	0.0323809523809524	0.0571428571428571	0.0152380952380952	525	AFR	10314	0	0.92952380952381
21	0.47766323024055	0.116838487972509	0.134020618556701	0.0481099656357388	0.0687285223367698	0.0378006872852234	0.0309278350515464	291	AFR	6921	0	0.914089347079038
22	0.455414012738854	0.124203821656051	0.117834394904459	0.0573248407643312	0.035031847133758	0.0923566878980892	0.00636942675159236	314	AFR	8175	0	0.888535031847134
24	0.526490066225166	0.0960264900662252	0.102649006622517	0.0662251655629139	0.0463576158940397	0.0496688741721854	0.0198675496688742	302	AFR	6033	0	0.907284768211921
25	0.541089566020314	0.139427516158818	0.109879963065559	0.0498614958448753	0.03601108033241	0.0424746075715605	0.0184672206832872	1083	AFR	22178	0	0.937211449676824
26	0.4925	0.1275	0.111666666666667	0.0591666666666667	0.0425	0.0491666666666667	0.0291666666666667	1200	AFR	23505	0	0.911666666666667
27	0.504854368932039	0.142394822006472	0.0916936353829558	0.0517799352750809	0.0345199568500539	0.0571736785329018	0.0269687162891046	927	AFR	19620	0	0.909385113268608
28	0.485467399842891	0.122937941869599	0.104477611940299	0.0522388059701493	0.0443833464257659	0.0616653574234093	0.0176747839748625	2546	AFR	47499	0	0.888845247446976
29	0.459958932238193	0.143737166324435	0.125256673511294	0.0616016427104723	0.0246406570841889	0.053388090349076	0.0102669404517454	487	AFR	10443	0	0.878850102669404
30	0.538284839203675	0.145482388973966	0.111026033690658	0.060490045941807	0.0252679938744257	0.0451761102603369	0.0107197549770291	1306	AFR	27474	0	0.936447166921899
31	0.538194444444444	0.140432098765432	0.120756172839506	0.0513117283950617	0.0393518518518519	0.0435956790123457	0.0135030864197531	2592	AFR	57595	0	0.947145061728395
32	0.525399129172714	0.153120464441219	0.118287373004354	0.0522496371552975	0.0268505079825835	0.0500725689404935	0.0203193033381713	1378	AFR	26001	0	0.946298984034833
33	0.527744025921426	0.140137707573917	0.113001215066829	0.0510328068043742	0.0311867152693398	0.0453624949372215	0.0153908464965573	2469	AFR	58758	0	0.923855812069664
34	0.572249589490969	0.138752052545156	0.103448275862069	0.0517241379310345	0.0303776683087028	0.0410509031198686	0.0147783251231527	1218	AFR	31911	0	0.952380952380952
35	0.5	0.118243243243243	0.138513513513514	0.0540540540540541	0.0405405405405405	0.0641891891891892	0.0101351351351351	296	AFR	5943	0	0.925675675675676
36	0.516511430990686	0.160033869602032	0.122777307366638	0.052497883149873	0.0262489415749365	0.0389500423370025	0.0211685012701101	1181	AFR	25500	0	0.938187976291279
37	0.502579979360165	0.163054695562436	0.0825593395252838	0.0588235294117647	0.0371517027863777	0.0567595459236326	0.0175438596491228	969	AFR	19029	0	0.918472652218782
38	0.529069767441861	0.126614987080103	0.116279069767442	0.0348837209302326	0.0419896640826873	0.0542635658914729	0.0251937984496124	1548	AFR	32334	0	0.928294573643411
39	0.45	0.136363636363636	0.117272727272727	0.0663636363636364	0.0354545454545455	0.05	0.0245454545454545	1100	AFR	17358	0	0.88
40	0.572916666666667	0.162202380952381	0.110119047619048	0.0342261904761905	0.0238095238095238	0.0461309523809524	0.0133928571428571	672	AFR	16486	0	0.962797619047619
41	0.503657262277952	0.136886102403344	0.114942528735632	0.0480668756530825	0.0459770114942529	0.0616509926854754	0.0167189132706374	957	AFR	15855	0	0.927899686520376
42	0.499080318822808	0.128755364806867	0.120171673819742	0.0539546290619252	0.0392397302268547	0.0606989576946659	0.0183936235438381	1631	AFR	33048	0	0.920294297976701
43	0.503649635036496	0.147445255474453	0.128467153284672	0.0583941605839416	0.0467153284671533	0.0467153284671533	0.00875912408759124	685	AFR	15918	0	0.94014598540146
44	0.537261698440208	0.105719237435009	0.116984402079723	0.0528596187175043	0.0424610051993068	0.0554592720970537	0.0173310225303293	1154	AFR	23379	0	0.928076256499134
45	0.545938748335553	0.153794940079893	0.117177097203728	0.0466045272969374	0.0219707057256991	0.0386151797603196	0.0153129161118509	1502	AFR	32412	0	0.939414114513981
46	0.551724137931034	0.143509127789047	0.107505070993915	0.0532454361054767	0.0385395537525355	0.0456389452332657	0.0141987829614604	1972	AFR	44412	0	0.954361054766734
47	0.501480750246792	0.135241855873643	0.0908193484698914	0.0562685093780849	0.0325765054294176	0.0730503455083909	0.016781836130306	1013	AFR	22293	0	0.906219151036525
48	0.516956920256645	0.108157653528873	0.0980751604032997	0.0504124656278643	0.0329972502291476	0.0641613198900092	0.0247479376718607	1091	AFR	22182	0	0.895508707607699
49	0.521193092621664	0.127158555729984	0.113029827315542	0.0502354788069074	0.0251177394034537	0.0627943485086342	0.0172684458398744	637	AFR	13599	0	0.91679748822606
51	0.510548523206751	0.160337552742616	0.10126582278481	0.080168776371308	0.0379746835443038	0.0464135021097046	0.0126582278481013	237	AFR	4788	0	0.949367088607595
52	0.56	0.131428571428571	0.102857142857143	0.0685714285714286	0.0228571428571429	0.04	0.0171428571428571	175	AFR	3900	0	0.942857142857143
53	0.564705882352941	0.117647058823529	0.164705882352941	0.0529411764705882	0.0176470588235294	0.0294117647058824	0.0117647058823529	170	AFR	3243	0	0.958823529411765
54	0.624390243902439	0.11219512195122	0.0975609756097561	0.0536585365853659	0.024390243902439	0.024390243902439	0.0292682926829268	205	AFR	5007	0	0.965853658536585
55	0.511671335200747	0.133520074696545	0.106442577030812	0.0466853408029879	0.0373482726423903	0.0494864612511671	0.0224089635854342	1071	AFR	21141	0	0.907563025210084
56	0.578740157480315	0.173228346456693	0.0826771653543307	0.0669291338582677	0.0196850393700787	0.031496062992126	0.0118110236220472	254	AFR	5124	0	0.964566929133858
58	0.538011695906433	0.140350877192982	0.11598440545809	0.0467836257309941	0.037037037037037	0.0448343079922027	0.0175438596491228	1026	AFR	23547	0	0.940545808966862
59	0.51150895140665	0.126598465473146	0.115089514066496	0.0537084398976982	0.0294117647058824	0.061381074168798	0.0166240409207161	782	AFR	15276	0	0.914322250639386
60	0.519439421338155	0.142857142857143	0.116636528028933	0.0583182640144665	0.033001808318264	0.0515370705244123	0.015370705244123	2212	AFR	45183	0	0.937160940325497
61	0.5368492224476	0.140635564570656	0.102772143340095	0.0524002704530088	0.0348208248816768	0.050709939148073	0.0165652467883705	2958	AFR	81235	0	0.934753211629479
62	0.544827586206897	0.129501915708812	0.10727969348659	0.0455938697318008	0.0371647509578544	0.0501915708812261	0.0183908045977011	2610	AFR	54094	0	0.932950191570881
63	0.485024154589372	0.136714975845411	0.103864734299517	0.0594202898550725	0.0429951690821256	0.063768115942029	0.0198067632850242	2070	AFR	44391	0	0.911594202898551
64	0.566943127962085	0.145734597156398	0.0947867298578199	0.0402843601895735	0.0349526066350711	0.0503554502369668	0.0159952606635071	1688	AFR	39693	0	0.949052132701422
65	0.467808219178082	0.136301369863014	0.115753424657534	0.0582191780821918	0.0438356164383562	0.0780821917808219	0.0246575342465753	1460	AFR	26013	0	0.924657534246575
66	0.563050977385972	0.135684170180146	0.113453430433116	0.0536604062859333	0.0314296665389038	0.0410118819471062	0.00996550402453047	2609	AFR	54678	0	0.948256036795707
67	0.465230166503428	0.137120470127326	0.128795298726739	0.0592556317335945	0.0406464250734574	0.0548481880509305	0.0176297747306562	2042	AFR	28399	0	0.903525954946131
68	0.502689778840406	0.132098027495517	0.110579796772265	0.0531978481769277	0.031679617453676	0.0472205618649133	0.0251046025104603	1673	AFR	38463	0	0.902570233114166
69	0.480373831775701	0.155140186915888	0.11588785046729	0.0467289719626168	0.0242990654205607	0.0523364485981308	0.0299065420560748	535	AFR	10323	0	0.904672897196262
70	0.5	0.126689189189189	0.126689189189189	0.0641891891891892	0.0236486486486486	0.0557432432432432	0.0202702702702703	592	AFR	12993	0	0.91722972972973
71	0.54286843145002	0.143421572500988	0.106282101935994	0.0501777953378111	0.0422757803239826	0.0485973923350454	0.0177795337811142	2531	AFR	55181	0	0.951402607664955
72	0.448529411764706	0.150735294117647	0.136029411764706	0.0459558823529412	0.0588235294117647	0.0588235294117647	0.0257352941176471	544	AFR	11916	0	0.924632352941177
73	0.512372634643377	0.132459970887918	0.13391557496361	0.0363901018922853	0.0276564774381368	0.0684133915574964	0.0291120815138282	687	AFR	19065	0	0.940320232896652
74	0.544916090819348	0.124383020730503	0.105626850937808	0.0681145113524186	0.035538005923001	0.0473840078973346	0.0148075024679171	1013	AFR	19599	0	0.940769990128332
75	0.523915461624027	0.115684093437152	0.110122358175751	0.0545050055617353	0.0389321468298109	0.0478309232480534	0.0278086763070078	899	AFR	19220	0	0.918798665183537
76	0.526556776556777	0.127289377289377	0.105311355311355	0.0503663003663004	0.043040293040293	0.0521978021978022	0.0128205128205128	1092	AFR	27204	0	0.917582417582418
77	0.514644351464435	0.131380753138075	0.118828451882845	0.0518828451882845	0.0309623430962343	0.0510460251046025	0.0192468619246862	1195	AFR	26076	0	0.917991631799163
78	0.511994516792324	0.132282385195339	0.114461960246744	0.0575736806031528	0.0301576422206991	0.0514050719671008	0.0150788211103496	1459	AFR	29892	0	0.912954078135709
79	0.529034841810172	0.124949939927913	0.111333600320384	0.0448538245895074	0.0420504605526632	0.065278334000801	0.013616339607529	2497	AFR	51234	0	0.931117340808971
80	0.537894736842105	0.135789473684211	0.112631578947368	0.0442105263157895	0.0368421052631579	0.0452631578947368	0.0168421052631579	950	AFR	18402	0	0.929473684210526
81	0.541362530413625	0.126520681265207	0.125304136253041	0.0559610705596107	0.0437956204379562	0.0364963503649635	0.0182481751824818	822	AFR	18270	0	0.947688564476886
82	0.489156626506024	0.137349397590361	0.110843373493976	0.0746987951807229	0.0337349397590361	0.0385542168674699	0.0192771084337349	415	AFR	6609	0	0.903614457831325
83	0.536945812807882	0.12807881773399	0.123152709359606	0.0541871921182266	0.0197044334975369	0.061576354679803	0.0123152709359606	406	AFR	7302	0	0.935960591133005
84	0.475471698113208	0.10188679245283	0.105660377358491	0.0566037735849057	0.0490566037735849	0.0490566037735849	0.0226415094339623	265	AFR	5775	0	0.860377358490566
85	0.472764645426516	0.141829393627955	0.100719424460432	0.0647482014388489	0.0431654676258993	0.052415210688592	0.025693730729702	973	AFR	19972	0	0.901336073997944
86	0.523949169110459	0.129032258064516	0.121212121212121	0.0586510263929619	0.0361681329423265	0.0293255131964809	0.0244379276637341	1023	AFR	23553	0	0.9227761485826
87	0.491909385113269	0.166666666666667	0.0938511326860841	0.0566343042071197	0.0533980582524272	0.0420711974110032	0.00809061488673139	618	AFR	14607	0	0.912621359223301
88	0.496173469387755	0.136479591836735	0.104591836734694	0.0612244897959184	0.0395408163265306	0.0497448979591837	0.0204081632653061	784	AFR	14055	0	0.908163265306122
89	0.482029598308668	0.114164904862579	0.0930232558139535	0.0591966173361522	0.0359408033826638	0.0782241014799154	0.0295983086680761	473	AFR	11045	0	0.892177589852008
90	0.47588424437299	0.135048231511254	0.102893890675241	0.0562700964630225	0.0369774919614148	0.067524115755627	0.022508038585209	622	AFR	13677	0	0.897106109324759
91	0.471976401179941	0.123893805309735	0.132743362831858	0.0678466076696165	0.0294985250737463	0.0530973451327434	0.0147492625368732	339	AFR	7245	0	0.893805309734513
93	0.545454545454545	0.121212121212121	0.116161616161616	0.0252525252525253	0.0303030303030303	0.0707070707070707	0.0252525252525253	198	AFR	3183	0	0.934343434343434
94	0.570491803278689	0.108196721311475	0.108196721311475	0.039344262295082	0.0295081967213115	0.0327868852459016	0.0229508196721311	305	AFR	8316	0	0.911475409836066
95	0.451713395638629	0.126947040498442	0.107476635514019	0.0599688473520249	0.0420560747663551	0.0677570093457944	0.0342679127725857	1284	AFR	19743	0	0.89018691588785
96	0.469411764705882	0.129411764705882	0.115294117647059	0.0517647058823529	0.0482352941176471	0.0435294117647059	0.0411764705882353	850	AFR	11457	0	0.898823529411765
97	0.372787610619469	0.146017699115044	0.111725663716814	0.0586283185840708	0.0475663716814159	0.0608407079646018	0.0254424778761062	904	AFR	12291	0	0.823008849557522
98	0.505627009646302	0.130225080385852	0.10048231511254	0.0546623794212219	0.0345659163987138	0.0586816720257235	0.02491961414791	1244	AFR	21456	0	0.909163987138264
99	0.515565679574791	0.118451025056948	0.103264996203493	0.0455580865603645	0.044039483675019	0.067577828397874	0.0288534548215642	1317	AFR	28687	0	0.923310554290053
100	0.512922465208748	0.134194831013916	0.102385685884692	0.0556660039761431	0.0308151093439364	0.0636182902584493	0.0188866799204771	1006	AFR	24246	0	0.918489065606362
101	0.506983240223464	0.127094972067039	0.120111731843575	0.0391061452513966	0.0377094972067039	0.0488826815642458	0.0293296089385475	716	AFR	13068	0	0.909217877094972
102	0.477064220183486	0.126146788990826	0.103211009174312	0.055045871559633	0.0538990825688073	0.0538990825688073	0.0309633027522936	872	AFR	17673	0	0.900229357798165
103	0.508130081300813	0.15650406504065	0.0995934959349594	0.0650406504065041	0.0264227642276423	0.040650406504065	0.0304878048780488	492	AFR	9383	0	0.926829268292683
104	0.464387464387464	0.150997150997151	0.105413105413105	0.0626780626780627	0.0227920227920228	0.0826210826210826	0.0284900284900285	351	AFR	7602	0	0.917378917378917
105	0.517967781908302	0.130111524163569	0.111111111111111	0.0495662949194548	0.0450227178851714	0.050392399834779	0.0198265179677819	2421	AFR	57348	0	0.923998347790169
106	0.554604932058379	0.131353799698037	0.108203321590337	0.0528434826371414	0.0306995470558631	0.0523402113739306	0.0161046804227479	1987	AFR	37572	0	0.946149974836437
0	0.564102564102564	0.120512820512821	0.115384615384615	0.0769230769230769	0.0282051282051282	0.0461538461538462	0.00512820512820513	390	EAS	8490	1	0.956410256410256
1	0.520923520923521	0.131313131313131	0.125541125541126	0.0634920634920635	0.0418470418470418	0.0476190476190476	0.0158730158730159	693	EAS	13239	0	0.946608946608947
2	0.51963746223565	0.13595166163142	0.128398791540786	0.0558912386706949	0.0483383685800604	0.0498489425981873	0.00755287009063444	662	EAS	11037	0	0.945619335347432
3	0.565140845070423	0.125	0.112089201877934	0.0592723004694836	0.0352112676056338	0.0381455399061033	0.00469483568075117	1704	EAS	28833	0	0.939553990610329
4	0.665625	0.14375	0.071875	0.025	0.021875	0.03125	0.003125	320	EAS	6117	0	0.9625
5	0.583580613254204	0.138476755687438	0.124629080118694	0.0544015825914936	0.0346191889218595	0.0316518298714144	0.0019782393669634	1011	EAS	22692	0	0.969337289812067
6	0.551569506726457	0.14050822122571	0.134529147982063	0.0582959641255605	0.0343796711509716	0.0418535127055306	0.00597907324364723	669	EAS	13917	0	0.96711509715994
7	0.565152643335815	0.137751303052867	0.116902457185406	0.0610573343261355	0.0409530900967982	0.039463886820551	0.00372300819061802	1343	EAS	27279	0	0.965003723008191
9	0.576980568011958	0.121076233183857	0.12406576980568	0.0582959641255605	0.0373692077727952	0.0493273542600897	0.00448430493273543	669	EAS	12777	0	0.971599402092676
10	0.591362126245847	0.102990033222591	0.112956810631229	0.0564784053156146	0.0431893687707641	0.0564784053156146	0.00332225913621262	301	EAS	6936	0	0.966777408637874
11	0.531353135313531	0.178217821782178	0.125412541254125	0.0495049504950495	0.033003300330033	0.0561056105610561	0.0066006600660066	303	EAS	5820	0	0.98019801980198
12	0.546987951807229	0.125301204819277	0.15421686746988	0.0746987951807229	0.0313253012048193	0.0385542168674699	0.00481927710843374	415	EAS	8133	0	0.975903614457831
13	0.545670225385528	0.141162514827995	0.149466192170818	0.0581257413997628	0.0249110320284698	0.033214709371293	0.00711743772241993	843	EAS	15207	0	0.959667852906287
14	0.562037037037037	0.141666666666667	0.115740740740741	0.0527777777777778	0.0398148148148148	0.0351851851851852	0.00925925925925926	1080	EAS	23175	0	0.956481481481481
15	0.526086956521739	0.160869565217391	0.126086956521739	0.06	0.0521739130434783	0.0356521739130435	0.00782608695652174	1150	EAS	20241	0	0.968695652173913
16	0.595564941921858	0.108764519535375	0.134107708553326	0.0496304118268215	0.0348468848996832	0.0422386483632524	0.00739176346356917	947	EAS	16890	0	0.972544878563886
18	0.539027982326951	0.130338733431517	0.144329896907216	0.0640648011782032	0.0368188512518409	0.0346097201767305	0.00957290132547865	1358	EAS	25321	0	0.958762886597938
19	0.588563458856346	0.115760111576011	0.121338912133891	0.0781032078103208	0.0320781032078103	0.0278940027894003	0.00836820083682008	717	EAS	16731	0	0.9721059972106
20	0.565874730021598	0.138228941684665	0.110151187904968	0.0583153347732181	0.0431965442764579	0.0367170626349892	0.00647948164146868	463	EAS	10314	0	0.958963282937365
21	0.552941176470588	0.101960784313725	0.113725490196078	0.0666666666666667	0.0549019607843137	0.0470588235294118	0.00392156862745098	255	EAS	6921	0	0.941176470588235
22	0.530685920577617	0.122743682310469	0.0938628158844765	0.075812274368231	0.0469314079422383	0.0288808664259928	0.0108303249097473	277	EAS	8175	0	0.909747292418773
24	0.49814126394052	0.148698884758364	0.130111524163569	0.0483271375464684	0.033457249070632	0.0483271375464684	0.00371747211895911	269	EAS	6033	0	0.910780669144981
25	0.579229122055675	0.138115631691649	0.11134903640257	0.0492505353319058	0.0364025695931477	0.0438972162740899	0.0139186295503212	934	EAS	22178	0	0.972162740899358
26	0.555452865064695	0.11275415896488	0.134935304990758	0.0711645101663586	0.0258780036968577	0.0452865064695009	0.00462107208872458	1082	EAS	23505	0	0.950092421441775
27	0.565836298932384	0.128113879003559	0.102016607354686	0.0462633451957295	0.0403321470937129	0.0510083036773428	0.00830367734282325	843	EAS	19620	0	0.941874258600237
28	0.57486229344016	0.115172759138708	0.108662994491738	0.0455683525287932	0.0330495743615423	0.0350525788683025	0.0100150225338007	1997	EAS	47499	0	0.922383575363045
29	0.518847006651885	0.113082039911308	0.119733924611973	0.0709534368070953	0.0421286031042129	0.0421286031042129	0.00443458980044346	451	EAS	10443	0	0.911308203991131
30	0.55565371024735	0.139575971731449	0.124558303886926	0.0591872791519435	0.0265017667844523	0.0424028268551237	0.0088339222614841	1132	EAS	27474	0	0.956713780918728
31	0.565591397849462	0.134193548387097	0.116129032258065	0.0576344086021505	0.0417204301075269	0.0365591397849462	0.00688172043010753	2325	EAS	57595	0	0.958709677419355
32	0.575657894736842	0.132401315789474	0.113486842105263	0.0600328947368421	0.0452302631578947	0.0337171052631579	0.0106907894736842	1216	EAS	26001	0	0.971217105263158
33	0.591697080291971	0.125912408759124	0.115419708029197	0.0588503649635036	0.0282846715328467	0.0351277372262774	0.00958029197080292	2192	EAS	58758	0	0.964872262773723
34	0.621265377855888	0.116871704745167	0.104569420035149	0.0536028119507909	0.0325131810193322	0.0369068541300527	0.00615114235500879	1138	EAS	31911	0	0.971880492091388
35	0.594795539033457	0.141263940520446	0.118959107806691	0.0520446096654275	0.0297397769516729	0.033457249070632	0.00743494423791822	269	EAS	5943	0	0.977695167286245
36	0.548453608247423	0.131958762886598	0.14639175257732	0.0577319587628866	0.0432989690721649	0.034020618556701	0.00927835051546392	970	EAS	25500	0	0.971134020618557
37	0.539641943734015	0.104859335038363	0.140664961636829	0.0549872122762148	0.0498721227621483	0.0575447570332481	0.00639386189258312	782	EAS	19029	0	0.953964194373402
38	0.538734896943852	0.139303482587065	0.126510305614783	0.0632551528073916	0.0419331911869225	0.0362473347547974	0.00497512437810945	1407	EAS	32334	0	0.950959488272921
39	0.532332563510393	0.10161662817552	0.144341801385681	0.0519630484988453	0.0288683602771363	0.0531177829099307	0.0184757505773672	866	EAS	17358	0	0.930715935334873
40	0.617124394184168	0.11470113085622	0.11470113085622	0.0516962843295638	0.0355411954765751	0.0355411954765751	0.00646203554119548	619	EAS	16486	0	0.975767366720517
41	0.550970873786408	0.121359223300971	0.138349514563107	0.066747572815534	0.0400485436893204	0.0351941747572816	0.0145631067961165	824	EAS	15855	0	0.967233009708738
42	0.544045102184637	0.136011275546159	0.125440451021846	0.0627202255109232	0.0387596899224806	0.0317124735729387	0.0105708245243129	1419	EAS	33048	0	0.949260042283298
43	0.592592592592593	0.102693602693603	0.124579124579125	0.0589225589225589	0.0303030303030303	0.0538720538720539	0.0101010101010101	594	EAS	15918	0	0.973063973063973
44	0.596695821185617	0.110787172011662	0.117589893100097	0.0573372206025267	0.0427599611273081	0.021379980563654	0.00583090379008746	1029	EAS	23379	0	0.952380952380952
45	0.597372488408037	0.135239567233385	0.1112828438949	0.0587326120556414	0.0316846986089645	0.035548686244204	0.00386398763523957	1294	EAS	32412	0	0.973724884080371
46	0.569151963574274	0.126920887877063	0.133750711439954	0.0722822993739328	0.0313033579965851	0.0318725099601594	0.00796812749003984	1757	EAS	44412	0	0.973249857712009
47	0.551282051282051	0.118881118881119	0.110722610722611	0.0512820512820513	0.0559440559440559	0.0501165501165501	0.0104895104895105	858	EAS	22293	0	0.948717948717949
48	0.539735099337748	0.119205298013245	0.120309050772627	0.0507726269315673	0.0342163355408389	0.0474613686534216	0.022075055187638	906	EAS	22182	0	0.933774834437086
49	0.532818532818533	0.123552123552124	0.113899613899614	0.0617760617760618	0.0521235521235521	0.0444015444015444	0.0135135135135135	518	EAS	13599	0	0.942084942084942
51	0.608695652173913	0.141304347826087	0.0978260869565217	0.0489130434782609	0.0326086956521739	0.0434782608695652	0	184	EAS	4788	1	0.972826086956522
52	0.617834394904459	0.121019108280255	0.101910828025478	0.0382165605095541	0.0318471337579618	0.0573248407643312	0	157	EAS	3900	1	0.968152866242038
53	0.601398601398601	0.104895104895105	0.125874125874126	0.034965034965035	0.034965034965035	0.0769230769230769	0	143	EAS	3243	1	0.979020979020979
54	0.63758389261745	0.100671140939597	0.0939597315436242	0.0536912751677852	0.0536912751677852	0.0335570469798658	0.00671140939597315	149	EAS	5007	0	0.97986577181208
55	0.543274244004171	0.129301355578728	0.119916579770594	0.0510948905109489	0.0448383733055266	0.0291970802919708	0.00938477580813347	959	EAS	21141	0	0.927007299270073
56	0.643979057591623	0.12565445026178	0.0994764397905759	0.0366492146596859	0.0366492146596859	0.0209424083769634	0.00523560209424084	191	EAS	5124	0	0.968586387434555
58	0.583720930232558	0.122093023255814	0.122093023255814	0.0523255813953488	0.0453488372093023	0.027906976744186	0.00930232558139535	860	EAS	23547	0	0.962790697674419
59	0.51963746223565	0.122356495468278	0.120845921450151	0.0740181268882175	0.0422960725075529	0.0422960725075529	0.0105740181268882	662	EAS	15276	0	0.93202416918429
60	0.577079107505071	0.135395537525355	0.114604462474645	0.0532454361054767	0.0324543610547667	0.0365111561866126	0.00963488843813387	1972	EAS	45183	0	0.958924949290061
61	0.560402684563758	0.144668158090977	0.120059656972409	0.0492170022371365	0.0391498881431767	0.0339299030574198	0.00671140939597315	2682	EAS	81235	0	0.95413870246085
62	0.567099567099567	0.130735930735931	0.10995670995671	0.0632034632034632	0.0406926406926407	0.0415584415584416	0.00909090909090909	2310	EAS	54094	0	0.962337662337662
63	0.549228312932411	0.127195316657797	0.119744544970729	0.0542841937200639	0.0383182543906333	0.0436402341671102	0.00745077168706759	1879	EAS	44391	0	0.939861628525812
64	0.59114927344782	0.128137384412153	0.123513870541612	0.0501981505944518	0.0402906208718626	0.0284015852047556	0.0059445178335535	1514	EAS	39693	0	0.967635402906209
65	0.542659492697925	0.126056879323597	0.122982321291314	0.06456571867794	0.0368946963873943	0.0438124519600307	0.00768639508070715	1301	EAS	26013	0	0.944657955418909
66	0.57331571994716	0.133861734918538	0.129898723029502	0.0625275209158961	0.0391897842360194	0.0343461030383091	0.00396301188903567	2271	EAS	54678	0	0.977102597974461
67	0.5	0.146583850931677	0.132298136645963	0.0720496894409938	0.037888198757764	0.0459627329192547	0.0111801242236025	1610	EAS	28399	0	0.945962732919255
68	0.56146408839779	0.119475138121547	0.131906077348066	0.0517955801104972	0.0352209944751381	0.0414364640883978	0.00828729281767956	1448	EAS	38463	0	0.949585635359116
69	0.561440677966102	0.116525423728814	0.122881355932203	0.0699152542372881	0.0402542372881356	0.0338983050847458	0.00847457627118644	472	EAS	10323	0	0.953389830508474
70	0.55	0.129166666666667	0.102083333333333	0.0770833333333333	0.0458333333333333	0.0479166666666667	0.00833333333333333	480	EAS	12993	0	0.960416666666667
71	0.59295154185022	0.129074889867841	0.111894273127753	0.0612334801762115	0.0365638766519824	0.0334801762114537	0.0026431718061674	2270	EAS	55181	0	0.96784140969163
72	0.581052631578947	0.124210526315789	0.105263157894737	0.0547368421052632	0.04	0.0294736842105263	0.00842105263157895	475	EAS	11916	0	0.943157894736842
73	0.576797385620915	0.138888888888889	0.109477124183007	0.0669934640522876	0.0473856209150327	0.0277777777777778	0.0065359477124183	612	EAS	19065	0	0.973856209150327
74	0.572881355932203	0.134463276836158	0.128813559322034	0.0587570621468927	0.0418079096045198	0.031638418079096	0.00677966101694915	885	EAS	19599	0	0.975141242937853
75	0.549700598802395	0.125748502994012	0.123353293413174	0.0538922155688623	0.0502994011976048	0.0407185628742515	0.00958083832335329	835	EAS	19220	0	0.953293413173653
76	0.574511819116136	0.123329907502569	0.107913669064748	0.0668036998972251	0.0318602261048304	0.0441932168550874	0.00719424460431655	973	EAS	27204	0	0.955806783144913
77	0.548704200178731	0.119749776586238	0.134048257372654	0.0598748882931189	0.0375335120643432	0.0509383378016086	0.00804289544235925	1119	EAS	26076	0	0.958891867739053
78	0.56039755351682	0.124617737003058	0.124617737003058	0.0634556574923547	0.040519877675841	0.0359327217125382	0.00382262996941896	1308	EAS	29892	0	0.953363914373089
79	0.5718820861678	0.127891156462585	0.117460317460317	0.0603174603174603	0.036734693877551	0.0412698412698413	0.00952380952380952	2205	EAS	51234	0	0.965079365079365
80	0.580357142857143	0.128826530612245	0.119897959183673	0.0497448979591837	0.0420918367346939	0.0446428571428571	0.0038265306122449	784	EAS	18402	0	0.969387755102041
81	0.588157894736842	0.127631578947368	0.119736842105263	0.0473684210526316	0.043421052631579	0.0381578947368421	0.00394736842105263	760	EAS	18270	0	0.968421052631579
82	0.577981651376147	0.103975535168196	0.137614678899083	0.0611620795107034	0.0336391437308868	0.018348623853211	0.00917431192660551	327	EAS	6609	0	0.941896024464832
83	0.540389972144847	0.114206128133705	0.175487465181058	0.0557103064066852	0.0417827298050139	0.0417827298050139	0.00278551532033426	359	EAS	7302	0	0.972144846796657
84	0.486842105263158	0.192982456140351	0.100877192982456	0.0789473684210526	0.0175438596491228	0.0526315789473684	0.0087719298245614	228	EAS	5775	0	0.93859649122807
85	0.514508928571429	0.122767857142857	0.126116071428571	0.0636160714285714	0.0390625	0.0424107142857143	0.0167410714285714	896	EAS	19972	0	0.925223214285714
86	0.569023569023569	0.14702581369248	0.109988776655443	0.0516273849607183	0.0347923681257015	0.021324354657688	0.00897867564534231	891	EAS	23553	0	0.942760942760943
87	0.54029304029304	0.135531135531136	0.119047619047619	0.0549450549450549	0.0347985347985348	0.0347985347985348	0.00549450549450549	546	EAS	14607	0	0.924908424908425
88	0.539611360239163	0.119581464872945	0.14050822122571	0.0523168908819133	0.0358744394618834	0.0508221225710015	0.0104633781763827	669	EAS	14055	0	0.949177877428999
89	0.528985507246377	0.115942028985507	0.120772946859903	0.072463768115942	0.0289855072463768	0.0434782608695652	0.00966183574879227	414	EAS	11045	0	0.920289855072464
90	0.497237569060773	0.117863720073665	0.156537753222836	0.0644567219152855	0.0405156537753223	0.0589318600368324	0.00368324125230203	543	EAS	13677	0	0.939226519337017
91	0.55363321799308	0.14878892733564	0.121107266435986	0.0622837370242214	0.0207612456747405	0.027681660899654	0	289	EAS	7245	1	0.934256055363322
93	0.657534246575342	0.089041095890411	0.102739726027397	0.0342465753424658	0.0342465753424658	0.0547945205479452	0.00684931506849315	146	EAS	3183	0	0.97945205479452
94	0.580536912751678	0.13758389261745	0.10738255033557	0.0536912751677852	0.0402684563758389	0.023489932885906	0.00671140939597315	298	EAS	8316	0	0.949664429530201
95	0.477908025247971	0.139765554553652	0.119927862939585	0.066726780883679	0.036068530207394	0.0613165013525699	0.0162308385933273	1109	EAS	19743	0	0.917944093778179
96	0.533834586466165	0.105263157894737	0.106766917293233	0.0616541353383459	0.0496240601503759	0.0631578947368421	0.0210526315789474	665	EAS	11457	0	0.941353383458647
97	0.40920716112532	0.150895140664962	0.135549872122762	0.0818414322250639	0.0460358056265985	0.061381074168798	0.0217391304347826	782	EAS	12291	0	0.906649616368286
98	0.536044362292052	0.113678373382625	0.121072088724584	0.0646950092421442	0.0489833641404806	0.0499075785582255	0.00462107208872458	1082	EAS	21456	0	0.939001848428835
99	0.568013190436933	0.132728771640561	0.112943116240725	0.0601813685078318	0.0313272877164056	0.0362737015663644	0.00989282769991756	1213	EAS	28687	0	0.951360263808739
100	0.55641592920354	0.128318584070796	0.125	0.0497787610619469	0.0342920353982301	0.0398230088495575	0.00553097345132743	904	EAS	24246	0	0.939159292035398
101	0.512479201331115	0.153078202995008	0.111480865224626	0.0599001663893511	0.0415973377703827	0.0482529118136439	0.00665557404326123	601	EAS	13068	0	0.933444259567388
102	0.539189189189189	0.151351351351351	0.101351351351351	0.0743243243243243	0.0337837837837838	0.0337837837837838	0.0121621621621622	740	EAS	17673	0	0.945945945945946
103	0.58695652173913	0.132608695652174	0.128260869565217	0.0521739130434783	0.0282608695652174	0.0369565217391304	0.00434782608695652	460	EAS	9383	0	0.969565217391304
104	0.625441696113074	0.109540636042403	0.0918727915194346	0.0530035335689046	0.0282685512367491	0.03886925795053	0	283	EAS	7602	1	0.946996466431095
105	0.57371063441351	0.1296211775445	0.110908261068005	0.0561387494294843	0.0387950707439525	0.0351437699680511	0.00410771337288909	2191	EAS	57348	0	0.948425376540392
106	0.590212264150943	0.123820754716981	0.11438679245283	0.0495283018867925	0.0341981132075472	0.0436320754716981	0.00943396226415094	1696	EAS	37572	0	0.965212264150943
0	0.477331052181352	0.162532078699743	0.159110350727117	0.0744225834046193	0.0444824636441403	0.058169375534645	0.0076988879384089	1169	NFE	8490	1	0.983746792130026
1	0.500473933649289	0.162559241706161	0.157345971563981	0.0682464454976303	0.0407582938388626	0.0421800947867299	0.00663507109004739	2110	NFE	13239	0	0.978199052132701
2	0.513213530655391	0.179175475687104	0.152219873150106	0.0623678646934461	0.0290697674418605	0.0417547568710359	0.00211416490486258	1892	NFE	11037	0	0.979915433403805
3	0.532409294741133	0.161434977578475	0.153077863840196	0.0656339176518549	0.0291479820627803	0.0332246229107216	0.00203832042397065	4906	NFE	28833	0	0.976966979209132
4	0.56530408773679	0.152542372881356	0.152542372881356	0.0568295114656032	0.028913260219342	0.036889332003988	0.00299102691924227	1003	NFE	6117	0	0.996011964107677
5	0.551484523057486	0.152242577384713	0.152874289324068	0.0644346178142767	0.0284270372710044	0.0375868603916614	0.00379027163613392	3166	NFE	22692	0	0.990840176879343
6	0.526162790697674	0.163759689922481	0.166182170542636	0.059593023255814	0.0300387596899225	0.0368217054263566	0.00436046511627907	2064	NFE	13917	0	0.986918604651163
7	0.539743899492631	0.15825078521382	0.161391640492873	0.0596762503020053	0.0294757187726504	0.0359990335829911	0.00241604252234839	4139	NFE	27279	0	0.986953370379319
9	0.503904216553878	0.152524726704841	0.163977095262884	0.0760020822488287	0.045288912024987	0.0406038521603332	0.00156168662155128	1921	NFE	12777	0	0.983862571577304
10	0.541867179980751	0.181905678537055	0.149181905678537	0.0490856592877767	0.0298363811357074	0.0356111645813282	0.00192492781520693	1039	NFE	6936	0	0.989412897016362
11	0.505454545454545	0.15030303030303	0.168484848484848	0.0715151515151515	0.0351515151515151	0.0557575757575758	0.00242424242424242	825	NFE	5820	0	0.989090909090909
12	0.535321821036107	0.160125588697017	0.150706436420722	0.0612244897959184	0.0353218210361068	0.043171114599686	0.00470957613814757	1274	NFE	8133	0	0.990580847723705
13	0.487971130713713	0.160384923817161	0.17682437850842	0.0805934242181235	0.0332798716920609	0.0425020048115477	0.00360866078588613	2494	NFE	15207	0	0.985164394546913
14	0.543251533742331	0.147546012269939	0.156748466257669	0.0631901840490798	0.0334355828220859	0.0374233128834356	0.00337423312883436	3260	NFE	23175	0	0.984969325153374
15	0.479504289799809	0.164601207499206	0.171909755322529	0.0746742929774388	0.0428979980934223	0.0473466793771846	0.00254210359072132	3147	NFE	20241	0	0.983476326660311
16	0.535714285714286	0.160714285714286	0.152950310559006	0.0566770186335404	0.0399844720496894	0.0388198757763975	0.00232919254658385	2576	NFE	16890	0	0.987189440993789
18	0.514763522341259	0.169323229683825	0.160700287431408	0.0674157303370786	0.0342304677292919	0.0363208779723021	0.00287431408413901	3827	NFE	25321	0	0.985628429579305
19	0.516215015548645	0.171923589515771	0.158151932474456	0.0644158151932474	0.0306530430919591	0.0368725011106175	0.00266548200799645	2251	NFE	16731	0	0.980897378942692
20	0.539154539154539	0.153153153153153	0.151074151074151	0.0637560637560638	0.0277200277200277	0.0464310464310464	0.00277200277200277	1443	NFE	10314	0	0.984060984060984
21	0.544186046511628	0.162790697674419	0.12906976744186	0.0604651162790698	0.0255813953488372	0.05	0.00465116279069767	860	NFE	6921	0	0.976744186046512
22	0.576923076923077	0.126550868486352	0.120347394540943	0.0694789081885856	0.0272952853598015	0.043424317617866	0.00992555831265509	806	NFE	8175	0	0.97394540942928
24	0.515375153751538	0.138991389913899	0.174661746617466	0.0590405904059041	0.028290282902829	0.0541205412054121	0.002460024600246	813	NFE	6033	0	0.972939729397294
25	0.552738336713996	0.169371196754564	0.142663962136579	0.0578093306288032	0.0294117647058824	0.035158891142664	0.00270453008789723	2958	NFE	22178	0	0.989858012170385
26	0.510829723425525	0.165611462845718	0.158280573142286	0.0616461179606798	0.0339886704431856	0.044651782739087	0.00366544485171609	3001	NFE	23505	0	0.978673775408197
27	0.551272166538165	0.156900539707016	0.143407864302236	0.0558982266769468	0.0323824209714726	0.0404780262143408	0.00192752505782575	2594	NFE	19620	0	0.982266769468003
28	0.589072943911654	0.145742516710259	0.125254286544609	0.0508573089218251	0.026445800639349	0.0364719558267945	0.0036326649229875	6882	NFE	47499	0	0.977477477477477
29	0.555795536357091	0.146148308135349	0.138948884089273	0.0568754499640029	0.0381569474442045	0.0417566594672426	0.00215982721382289	1389	NFE	10443	0	0.979841612670986
30	0.554900308901994	0.155012636899747	0.139286717214266	0.0600954787980904	0.0370682392586352	0.0387531592249368	0.002808199943836	3561	NFE	27474	0	0.987924740241505
31	0.550058892815077	0.165161628059155	0.149587750294464	0.0549666274047899	0.0295772804606727	0.0359900536578982	0.00209396675827771	7641	NFE	57595	0	0.987436199450334
32	0.533298511360669	0.167928963175764	0.150953251501698	0.0639853747714808	0.0266388090885349	0.0415252024027161	0.00496213110472708	3829	NFE	26001	0	0.989292243405589
33	0.571208729714605	0.151371012870733	0.134862898712927	0.0574986010072748	0.029658645775042	0.0388919977616116	0.00335758254057079	7148	NFE	58758	0	0.986849468382764
34	0.580688183515604	0.158975726860496	0.136569751933849	0.0493464923979728	0.0320085356094959	0.0293411576420379	0.00186716457722059	3749	NFE	31911	0	0.988797012536676
35	0.551378446115288	0.169172932330827	0.134085213032581	0.0601503759398496	0.025062656641604	0.0476190476190476	0.0012531328320802	798	NFE	5943	0	0.988721804511278
36	0.548048048048048	0.161561561561562	0.150750750750751	0.0561561561561562	0.0309309309309309	0.0399399399399399	0.0039039039039039	3330	NFE	25500	0	0.991291291291291
37	0.523076923076923	0.16646942800789	0.157396449704142	0.06232741617357	0.0347140039447732	0.0362919132149901	0.00355029585798817	2535	NFE	19029	0	0.983826429980276
38	0.539531648504521	0.158126594018085	0.153489450498493	0.0658474379782054	0.0292140041734292	0.0361697194528171	0.00370971481567355	4313	NFE	32334	0	0.986088569441224
39	0.513724035608309	0.148738872403561	0.158011869436202	0.0641691394658754	0.0419139465875371	0.0437685459940653	0.00445103857566766	2696	NFE	17358	0	0.974777448071217
40	0.549411162314388	0.161290322580645	0.160266257040451	0.0593958013312852	0.0296979006656426	0.0307219662058372	0.00153609831029186	1953	NFE	16486	0	0.992319508448541
41	0.491851232762223	0.144588382783117	0.177601337233598	0.0710405348934392	0.0417885499373172	0.0518178019222733	0.00459674049310489	2393	NFE	15855	0	0.983284580025073
42	0.529058116232465	0.158316633266533	0.154753952349143	0.0610109107103095	0.0325094633711868	0.0429748385660209	0.00222667557336896	4491	NFE	33048	0	0.980850590069027
43	0.572371762315896	0.152361604875571	0.133062468257999	0.0589131538852209	0.0233621127475876	0.04266124936516	0.00253936008125952	1969	NFE	15918	0	0.985271711528695
44	0.537574056750857	0.159962581852198	0.151231680698472	0.0617399438727783	0.032429061428126	0.0374181478016838	0.00374181478016838	3207	NFE	23379	0	0.984097287184284
45	0.571428571428571	0.152823920265781	0.146416706217371	0.0550545799715235	0.0249169435215947	0.0355956336022781	0.00427147603227337	4214	NFE	32412	0	0.990507831039392
46	0.563846286403584	0.161123556780975	0.147165259348613	0.0566948130277443	0.026365672927796	0.0329140099948303	0.00206789591590557	5803	NFE	44412	0	0.990177494399449
47	0.581952767007402	0.140641522735284	0.123722241804723	0.0595699682763483	0.0281988015509341	0.0408882622488544	0.00246739513570673	2837	NFE	22293	0	0.977440958759253
48	0.582931865106676	0.149002064693737	0.112869924294563	0.0505849965588438	0.02856159669649	0.0512732278045423	0.00447350309704061	2906	NFE	22182	0	0.979697178251893
49	0.594441293250142	0.137833238797504	0.124220079410096	0.0510493477027794	0.0306296086216676	0.0402722631877482	0.0022688598979013	1763	NFE	13599	0	0.980714690867839
51	0.587349397590361	0.150602409638554	0.158132530120482	0.0436746987951807	0.0135542168674699	0.0346385542168675	0.00451807228915663	664	NFE	4788	0	0.992469879518072
52	0.581261950286807	0.15678776290631	0.131931166347992	0.0439770554493308	0.0248565965583174	0.0497131931166348	0.00382409177820268	523	NFE	3900	0	0.992351816443595
53	0.506696428571429	0.167410714285714	0.178571428571429	0.0513392857142857	0.0401785714285714	0.0446428571428571	0	448	NFE	3243	1	0.988839285714286
54	0.589622641509434	0.147798742138365	0.14622641509434	0.050314465408805	0.029874213836478	0.0267295597484277	0.00314465408805031	636	NFE	5007	0	0.993710691823899
55	0.529491987725878	0.167405386975793	0.147289464711899	0.0610296624616434	0.0303443573133311	0.0405727923627685	0.00306853051483123	2933	NFE	21141	0	0.979202182066144
56	0.558704453441296	0.147098515519568	0.143049932523617	0.058029689608637	0.0350877192982456	0.0472334682860999	0.00269905533063428	741	NFE	5124	0	0.991902834008097
58	0.539379474940334	0.158199795431299	0.14763041254688	0.0610296624616434	0.0388680531878623	0.0375042618479373	0.00238663484486874	2933	NFE	23547	0	0.984998295260825
59	0.529383659818442	0.163401815575729	0.148112756808409	0.0645007166746297	0.0281892021022456	0.0396559961777353	0.00334448160535117	2093	NFE	15276	0	0.976588628762542
60	0.538114423851732	0.168412570507655	0.145688960515713	0.0638195004029009	0.0288477034649476	0.0414182111200645	0.00209508460918614	6205	NFE	45183	0	0.9883964544722
61	0.579247179716296	0.147213224617447	0.140511560370825	0.0517145091030939	0.0312744331508991	0.0341784876577683	0.00245727689042779	8953	NFE	81235	0	0.986596671506758
62	0.541655540720961	0.15781041388518	0.155674232309746	0.061415220293725	0.0289719626168224	0.0376502002670227	0.00213618157543391	7490	NFE	54094	0	0.985313751668892
63	0.540599061710574	0.151569830386142	0.147058823529412	0.0584626488632263	0.0306748466257669	0.0496210754240346	0.00342836521111512	5542	NFE	44391	0	0.981414651750271
64	0.551787538304392	0.158937691521961	0.145863125638407	0.0621041879468846	0.0308478038815117	0.0357507660878447	0.00388151174668029	4895	NFE	39693	0	0.989172625127681
65	0.510835095137421	0.156976744186047	0.159883720930233	0.0695031712473573	0.0317124735729387	0.0462473572938689	0.00528541226215645	3784	NFE	26013	0	0.980443974630021
66	0.541499330655957	0.163052208835341	0.151539491298527	0.0590361445783133	0.0338688085676037	0.0405622489959839	0.00200803212851406	7470	NFE	54678	0	0.991566265060241
67	0.525402726146221	0.147666253614209	0.146633622470054	0.0700123915737299	0.0359355638166047	0.0530772408095828	0.00206526228831062	4842	NFE	28399	0	0.980793060718711
68	0.569492254733219	0.157917383820998	0.128012048192771	0.0533562822719449	0.0277538726333907	0.0449655765920826	0.00279690189328744	4648	NFE	38463	0	0.984294320137694
69	0.527994330262225	0.151665485471297	0.140326009922041	0.0694542877391921	0.0290574060949681	0.0595322466335932	0.00141743444365698	1411	NFE	10323	0	0.979447200566974
70	0.523866348448687	0.156324582338902	0.147971360381862	0.0715990453460621	0.0399761336515513	0.0393794749403341	0.00298329355608592	1676	NFE	12993	0	0.982100238663485
71	0.564546943231441	0.160480349344978	0.146697598253275	0.052811135371179	0.029339519650655	0.0317958515283843	0.00313864628820961	7328	NFE	55181	0	0.988810043668122
72	0.570868713259308	0.146962769431744	0.12671456564337	0.062050947093403	0.030698889614631	0.0404964075767472	0.00326583932070542	1531	NFE	11916	0	0.981058131939909
73	0.590068159688413	0.148977604673807	0.139727361246349	0.055014605647517	0.0233690360272639	0.0306718597857838	0.00292112950340798	2054	NFE	19065	0	0.990749756572541
74	0.546847167794799	0.1510509440684	0.155325970787317	0.0566441040256502	0.0342002137513359	0.0431065194157463	0.00142500890630566	2807	NFE	19599	0	0.988599928749555
75	0.542747766907699	0.150148872820077	0.141641854529987	0.056571671629094	0.0340280731603573	0.0527435133985538	0.00170140365801786	2351	NFE	19220	0	0.979583156103786
76	0.558651976668827	0.152300712896954	0.143227478937135	0.0563836681788723	0.0346727154893065	0.0359688917692806	0.00226830848995463	3086	NFE	27204	0	0.983473752430331
77	0.54070265638389	0.169094544415881	0.139674378748929	0.0591259640102828	0.0288489003141959	0.0408454727220794	0.00342759211653813	3501	NFE	26076	0	0.981719508711797
78	0.562251984126984	0.157738095238095	0.139880952380952	0.052827380952381	0.03125	0.0386904761904762	0.00396825396825397	4032	NFE	29892	0	0.986607142857143
79	0.552639006491674	0.161303979678239	0.140841095117132	0.0539091165678803	0.0325994919559695	0.0431837425910246	0.00465707027942422	7086	NFE	51234	0	0.989133502681343
80	0.537460567823344	0.152602523659306	0.163643533123028	0.0579652996845426	0.0279968454258675	0.0481072555205047	0.00236593059936909	2536	NFE	18402	0	0.990141955835962
81	0.54074402125775	0.1651904340124	0.146147032772365	0.0637732506643047	0.0305580159433127	0.0367581930912312	0.00442869796279894	2258	NFE	18270	0	0.987599645704163
82	0.545812807881773	0.138916256157635	0.136945812807882	0.0748768472906404	0.032512315270936	0.0413793103448276	0.00197044334975369	1015	NFE	6609	0	0.972413793103448
83	0.564878048780488	0.149268292682927	0.130731707317073	0.0546341463414634	0.0360975609756098	0.0448780487804878	0.00195121951219512	1025	NFE	7302	0	0.982439024390244
84	0.537634408602151	0.139784946236559	0.149193548387097	0.071236559139785	0.0309139784946237	0.0524193548387097	0.00134408602150538	744	NFE	5775	0	0.98252688172043
85	0.544764188649081	0.144684252597922	0.141886490807354	0.0535571542765787	0.0315747402078337	0.0515587529976019	0.00599520383693046	2502	NFE	19972	0	0.974020783373301
86	0.569305219495334	0.143795368129969	0.139993086761148	0.0521949533356377	0.0362945039751123	0.0359488420324922	0.00380228136882129	2893	NFE	23553	0	0.981334255098514
87	0.568328445747801	0.15307917888563	0.121994134897361	0.0527859237536657	0.0387096774193548	0.0410557184750733	0.00175953079178886	1705	NFE	14607	0	0.977712609970675
88	0.55919395465995	0.155667506297229	0.136020151133501	0.055919395465995	0.0377833753148615	0.0387909319899244	0.00100755667506297	1985	NFE	14055	0	0.984382871536524
89	0.567164179104478	0.134328358208955	0.131011608623549	0.0538971807628524	0.0323383084577114	0.0480928689883914	0.0033167495854063	1206	NFE	11045	0	0.970149253731343
90	0.551963048498845	0.139722863741339	0.143187066974596	0.0600461893764434	0.0352193995381062	0.0450346420323326	0.00346420323325635	1732	NFE	13677	0	0.978637413394919
91	0.541621621621622	0.15027027027027	0.142702702702703	0.065945945945946	0.0335135135135135	0.0389189189189189	0.00108108108108108	925	NFE	7245	0	0.974054054054054
93	0.537753222836096	0.169429097605893	0.160220994475138	0.0552486187845304	0.0220994475138122	0.0478821362799263	0	543	NFE	3183	1	0.992633517495396
94	0.600230414746544	0.138248847926267	0.129032258064516	0.0529953917050691	0.0115207373271889	0.0483870967741935	0.00345622119815668	868	NFE	8316	0	0.983870967741935
95	0.510244547257105	0.148380700594845	0.146067415730337	0.0687376074025116	0.0383344348975545	0.054857898215466	0.00363516192994052	3026	NFE	19743	0	0.970257766027759
96	0.535678391959799	0.139195979899497	0.147738693467337	0.0653266331658292	0.0336683417085427	0.0517587939698492	0.00603015075376884	1990	NFE	11457	0	0.979396984924623
97	0.447368421052632	0.177631578947368	0.154352226720648	0.0642712550607287	0.0369433198380567	0.0637651821862348	0.00860323886639676	1976	NFE	12291	0	0.952935222672065
98	0.536415835599879	0.151405258386219	0.150196433967966	0.0616500453309157	0.0335448776065277	0.0404956180114838	0.00271985494106981	3309	NFE	21456	0	0.976427923844062
99	0.543637387387387	0.161880630630631	0.143581081081081	0.0540540540540541	0.03125	0.0408220720720721	0.00591216216216216	3552	NFE	28687	0	0.981137387387387
100	0.57735982966643	0.15152590489709	0.132008516678495	0.0532292405961675	0.0269694819020582	0.0330021291696238	0.0049680624556423	2818	NFE	24246	0	0.979063165365507
101	0.548844537815126	0.148634453781513	0.131827731092437	0.0677521008403361	0.0362394957983193	0.0430672268907563	0.00315126050420168	1904	NFE	13068	0	0.979516806722689
102	0.5546875	0.149739583333333	0.127604166666667	0.0577256944444444	0.0390625	0.0447048611111111	0.0078125	2304	NFE	17673	0	0.981336805555556
103	0.593582887700535	0.12987012987013	0.126050420168067	0.0488922841864018	0.0397249809014515	0.0458365164247517	0.00381970970206264	1309	NFE	9383	0	0.9877769289534
104	0.599024390243902	0.157073170731707	0.12	0.0429268292682927	0.0263414634146341	0.0380487804878049	0.00195121951219512	1025	NFE	7602	0	0.985365853658537
105	0.585104844540853	0.14938539407086	0.126391901663051	0.0522053506869125	0.0276211135213304	0.0394793926247288	0.00375994215473608	6915	NFE	57348	0	0.983947939262473
106	0.560574948665298	0.153070748553295	0.147657270860556	0.0509613589695725	0.0291207765540414	0.0448011946985253	0.00280007466865783	5357	NFE	37572	0	0.988986372969946
0	0.520423600605144	0.128593040847201	0.16338880484115	0.0529500756429652	0.0423600605143722	0.0605143721633888	0.0075642965204236	661	SAS	8490	1	0.975794251134644
1	0.556869881710646	0.121929026387625	0.110100090991811	0.0646041856232939	0.0363967242948135	0.0536851683348499	0.0163785259326661	1099	SAS	13239	0	0.959963603275705
2	0.518013631937683	0.153846153846154	0.148003894839338	0.0467380720545277	0.0340798442064265	0.0525803310613437	0.0136319376825706	1027	SAS	11037	0	0.966893865628043
3	0.556581986143187	0.133179368745189	0.122016936104696	0.0615858352578907	0.0311778290993072	0.0446497305619707	0.00346420323325635	2598	SAS	28833	0	0.952655889145497
4	0.542094455852156	0.160164271047228	0.141683778234086	0.053388090349076	0.0328542094455852	0.053388090349076	0.00205338809034908	487	SAS	6117	0	0.985626283367557
5	0.57644259369423	0.131469363474123	0.117192147531231	0.0648423557406306	0.0345032718619869	0.0505651397977394	0.0065437239738251	1681	SAS	22692	0	0.981558596073766
6	0.531609195402299	0.136015325670498	0.136973180076628	0.0718390804597701	0.0459770114942529	0.0478927203065134	0.00670498084291188	1044	SAS	13917	0	0.977011494252874
7	0.545014520813166	0.165053242981607	0.126331074540174	0.0566311713455954	0.0295256534365924	0.0469506292352372	0.00387221684414327	2066	SAS	27279	0	0.973378509196515
9	0.524761904761905	0.141904761904762	0.138095238095238	0.0695238095238095	0.0371428571428571	0.0552380952380952	0.0019047619047619	1050	SAS	12777	0	0.968571428571429
10	0.584677419354839	0.143145161290323	0.125	0.0423387096774194	0.0342741935483871	0.0362903225806452	0.00806451612903226	496	SAS	6936	0	0.973790322580645
11	0.544018058690745	0.121896162528217	0.142212189616253	0.0586907449209932	0.0474040632054176	0.0632054176072235	0.00677200902934537	443	SAS	5820	0	0.984198645598194
12	0.524216524216524	0.156695156695157	0.122507122507123	0.0726495726495727	0.0384615384615385	0.0541310541310541	0.00997150997150997	702	SAS	8133	0	0.978632478632479
13	0.545787545787546	0.13992673992674	0.136263736263736	0.0666666666666667	0.0373626373626374	0.0417582417582418	0.00659340659340659	1365	SAS	15207	0	0.974358974358974
14	0.546820809248555	0.135260115606936	0.12485549132948	0.0664739884393064	0.0433526011560694	0.0456647398843931	0.0069364161849711	1730	SAS	23175	0	0.969364161849711
15	0.512137359384251	0.152753108348135	0.149200710479574	0.0550621669626998	0.0426287744227353	0.0509177027827117	0.00710479573712256	1689	SAS	20241	0	0.969804618117229
16	0.541911764705882	0.145588235294118	0.128676470588235	0.0683823529411765	0.0404411764705882	0.0426470588235294	0.00514705882352941	1360	SAS	16890	0	0.972794117647059
18	0.550980392156863	0.141666666666667	0.131372549019608	0.0598039215686275	0.0372549019607843	0.0431372549019608	0.00392156862745098	2040	SAS	25321	0	0.968137254901961
19	0.551223934723481	0.13871260199456	0.122393472348141	0.0562103354487761	0.0317316409791478	0.0534904805077063	0.0099728014505893	1103	SAS	16731	0	0.963735267452403
20	0.544943820224719	0.148876404494382	0.153089887640449	0.0435393258426966	0.0351123595505618	0.0308988764044944	0.00702247191011236	712	SAS	10314	0	0.963483146067416
21	0.559164733178654	0.11368909512761	0.139211136890951	0.0324825986078886	0.037122969837587	0.0626450116009281	0.00696055684454756	431	SAS	6921	0	0.951276102088167
22	0.523696682464455	0.125592417061611	0.127962085308057	0.0639810426540284	0.033175355450237	0.0663507109004739	0.00710900473933649	422	SAS	8175	0	0.947867298578199
24	0.484633569739953	0.16548463356974	0.139479905437352	0.0449172576832151	0.0543735224586288	0.0543735224586288	0.00709219858156028	423	SAS	6033	0	0.950354609929078
25	0.567785234899329	0.143624161073826	0.130872483221477	0.0557046979865772	0.0348993288590604	0.0402684563758389	0.00469798657718121	1490	SAS	22178	0	0.977852348993289
26	0.578851963746224	0.131722054380665	0.105740181268882	0.0586102719033233	0.03202416918429	0.0453172205438066	0.00785498489425982	1655	SAS	23505	0	0.96012084592145
27	0.575	0.122727272727273	0.121969696969697	0.0636363636363636	0.0378787878787879	0.0378787878787879	0.00454545454545455	1320	SAS	19620	0	0.963636363636364
28	0.559357964869776	0.12961841308298	0.116596002422774	0.049061175045427	0.0354330708661417	0.0478497880072683	0.0105996365838886	3302	SAS	47499	0	0.948516050878256
29	0.520300751879699	0.145864661654135	0.120300751879699	0.0601503759398496	0.043609022556391	0.0526315789473684	0.0120300751879699	665	SAS	10443	0	0.954887218045113
30	0.556550951847704	0.152855543113102	0.11030235162374	0.0559910414333707	0.0391937290033595	0.0526315789473684	0.00615901455767077	1786	SAS	27474	0	0.973684210526316
31	0.563398692810458	0.14718954248366	0.118169934640523	0.0562091503267974	0.0386928104575163	0.0444444444444444	0.0073202614379085	3825	SAS	57595	0	0.975424836601307
32	0.54018971542686	0.147279081377933	0.126809785322017	0.0649026460309536	0.0419370943584623	0.0439340988517224	0.00798801797304044	2003	SAS	26001	0	0.973040439340988
33	0.565869126549438	0.136638800807149	0.118189680023061	0.0602479100605362	0.0363217065436725	0.0478524070337273	0.00807149034303834	3469	SAS	58758	0	0.973191121360623
34	0.594255874673629	0.139947780678851	0.102349869451697	0.0496083550913838	0.039686684073107	0.0522193211488251	0.00626631853785901	1915	SAS	31911	0	0.984334203655353
35	0.569306930693069	0.146039603960396	0.118811881188119	0.0420792079207921	0.0420792079207921	0.051980198019802	0.0123762376237624	404	SAS	5943	0	0.982673267326733
36	0.57685664939551	0.127806563039724	0.131836499712147	0.0518134715025907	0.0379965457685665	0.0449050086355786	0.00460564191134139	1737	SAS	25500	0	0.975820379965458
37	0.536776212832551	0.155712050078247	0.120500782472613	0.0618153364632238	0.0383411580594679	0.0430359937402191	0.014866979655712	1278	SAS	19029	0	0.971048513302034
38	0.555298472929199	0.135122628412772	0.128644146228598	0.0546043498380379	0.031004164738547	0.0499768625636279	0.010180472003702	2161	SAS	32334	0	0.964831096714484
39	0.50418410041841	0.149930264993027	0.131101813110181	0.0592747559274756	0.0502092050209205	0.0509065550906555	0.00557880055788006	1434	SAS	17358	0	0.951185495118549
40	0.589026915113872	0.153209109730849	0.122153209109731	0.0434782608695652	0.031055900621118	0.0393374741200828	0.0062111801242236	966	SAS	16486	0	0.984472049689441
41	0.530454895913647	0.148804934464148	0.132613723978412	0.0593677717810332	0.0377794911333847	0.0447185813415574	0.0100231303006939	1297	SAS	15855	0	0.963762528912876
42	0.575266524520256	0.147974413646055	0.101918976545842	0.0584221748400853	0.0285714285714286	0.0426439232409382	0.00852878464818763	2345	SAS	33048	0	0.963326226012793
43	0.579154375614553	0.128810226155359	0.12291052114061	0.0629301868239921	0.0275319567354966	0.04031465093412	0.0108161258603736	1017	SAS	15918	0	0.972468043264503
44	0.561018957345972	0.135663507109005	0.136848341232227	0.0515402843601896	0.0337677725118483	0.042654028436019	0.00592417061611374	1688	SAS	23379	0	0.967417061611374
45	0.571362372567192	0.145505097312326	0.131603336422614	0.0542168674698795	0.0319740500463392	0.0417052826691381	0.00417052826691381	2158	SAS	32412	0	0.980537534754402
46	0.598639455782313	0.126745435016112	0.122448979591837	0.0533476548514143	0.033297529538131	0.0372359470103831	0.00537056928034372	2793	SAS	44412	0	0.977085571070534
47	0.544985250737463	0.132005899705015	0.117994100294985	0.0626843657817109	0.0449852507374631	0.0412979351032448	0.00811209439528024	1356	SAS	22293	0	0.952064896755162
48	0.531899641577061	0.126164874551971	0.121863799283154	0.0609318996415771	0.0508960573476702	0.0473118279569892	0.00788530465949821	1395	SAS	22182	0	0.946953405017921
49	0.57906976744186	0.115116279069767	0.117441860465116	0.0593023255813954	0.0395348837209302	0.0406976744186047	0.00581395348837209	860	SAS	13599	0	0.956976744186047
51	0.565789473684211	0.128289473684211	0.138157894736842	0.0592105263157895	0.0361842105263158	0.0394736842105263	0.0164473684210526	304	SAS	4788	0	0.983552631578947
52	0.601626016260163	0.117886178861789	0.130081300813008	0.0528455284552846	0.0203252032520325	0.0650406504065041	0	246	SAS	3900	1	0.987804878048781
53	0.551181102362205	0.118110236220472	0.118110236220472	0.0826771653543307	0.0590551181102362	0.047244094488189	0.0118110236220472	254	SAS	3243	0	0.988188976377953
54	0.665480427046263	0.128113879003559	0.0818505338078292	0.0569395017793594	0.0249110320284698	0.0284697508896797	0.00355871886120996	281	SAS	5007	0	0.98932384341637
55	0.538965291421087	0.132940406024885	0.131630648330059	0.0681074001309758	0.0333988212180747	0.0438768827766863	0.00654878847413229	1527	SAS	21141	0	0.9554682383759
56	0.562666666666667	0.112	0.168	0.048	0.0346666666666667	0.0533333333333333	0.008	375	SAS	5124	0	0.986666666666667
58	0.574776016540317	0.130254996554101	0.113714679531358	0.056512749827705	0.031013094417643	0.0578911095796003	0.00689179875947622	1451	SAS	23547	0	0.9710544452102
59	0.526648599819332	0.140018066847335	0.127371273712737	0.0596205962059621	0.043360433604336	0.0505871725383921	0.004516711833785	1107	SAS	15276	0	0.952122854561879
60	0.569857697283312	0.136481241914618	0.121604139715395	0.0598318240620957	0.0381630012936611	0.0413971539456662	0.00646830530401035	3092	SAS	45183	0	0.973803363518758
61	0.576138147566719	0.134559318232788	0.123346041713389	0.0518053375196232	0.0367795469836286	0.0428347163041041	0.0065037003812514	4459	SAS	81235	0	0.971966808701503
62	0.555293501048218	0.154088050314465	0.116352201257862	0.0573899371069182	0.0364255765199161	0.0427148846960168	0.00786163522012579	3816	SAS	54094	0	0.970125786163522
63	0.530255334032879	0.128716334382651	0.134662469394893	0.0605106680657573	0.0395243091990206	0.0570129415879678	0.0104931794333683	2859	SAS	44391	0	0.961175236096537
64	0.572570971611356	0.141143542582967	0.123550579768093	0.0547780887644942	0.033186725309876	0.0471811275489804	0.00599760095961615	2501	SAS	39693	0	0.978408636545382
65	0.535123966942149	0.136880165289256	0.121384297520661	0.0578512396694215	0.0392561983471074	0.0609504132231405	0.00671487603305785	1936	SAS	26013	0	0.958161157024793
66	0.583827493261456	0.1455525606469	0.120215633423181	0.0574123989218329	0.0320754716981132	0.0366576819407008	0.00619946091644205	3710	SAS	54678	0	0.981940700808625
67	0.537965072133637	0.143507972665148	0.113135914958238	0.0634016704631739	0.0455580865603645	0.0501138952164009	0.00531511009870919	2634	SAS	28399	0	0.958997722095672
68	0.55178492728074	0.146760687527545	0.122520934332305	0.0515645658880564	0.0365799911855443	0.0480387836051124	0.00617011899515205	2269	SAS	38463	0	0.963420008814456
69	0.50402144772118	0.138069705093834	0.136729222520107	0.0616621983914209	0.0536193029490617	0.0563002680965147	0.00938337801608579	746	SAS	10323	0	0.959785522788204
70	0.55467869222097	0.153325817361894	0.103720405862458	0.0574971815107103	0.0338218714768884	0.0586245772266065	0.00676437429537768	887	SAS	12993	0	0.968432919954904
71	0.57412908452606	0.137726167971915	0.11990278152849	0.0569808263570078	0.0342965163381042	0.0469889278963003	0.00810153929246557	3703	SAS	55181	0	0.978125843910343
72	0.550065019505852	0.133940182054616	0.1222366710013	0.0598179453836151	0.0403120936280884	0.0494148244473342	0.00130039011703511	769	SAS	11916	0	0.957087126137841
73	0.606089438629876	0.137012369172217	0.101807802093245	0.0485252140818268	0.0323501427212179	0.0466222645099905	0.00666032350142721	1051	SAS	19065	0	0.9790675547098
74	0.544897959183673	0.155102040816327	0.134013605442177	0.0537414965986395	0.0374149659863946	0.045578231292517	0.0102040816326531	1470	SAS	19599	0	0.980952380952381
75	0.552670623145401	0.131305637982196	0.10459940652819	0.0578635014836795	0.0445103857566766	0.0637982195845697	0.00667655786350148	1348	SAS	19220	0	0.961424332344214
76	0.525114155251142	0.159165035877365	0.12133072407045	0.0743639921722113	0.0378343118069145	0.0410958904109589	0.0045662100456621	1533	SAS	27204	0	0.963470319634703
77	0.522868435911914	0.142857142857143	0.128740824392998	0.0598531902879729	0.0451722190852626	0.0581592320722756	0.0062111801242236	1771	SAS	26076	0	0.96386222473179
78	0.568404749612803	0.129581827568405	0.116675271037687	0.0562725864739288	0.0376871450696954	0.0490449148167269	0.00929272070211667	1937	SAS	29892	0	0.966959215281363
79	0.54839617332583	0.144907146876759	0.126336522228475	0.0585256049521666	0.0391108610016882	0.0481148002250985	0.00815981992121553	3554	SAS	51234	0	0.973550928531232
80	0.548461538461538	0.152307692307692	0.13	0.0569230769230769	0.0415384615384615	0.0446153846153846	0.00461538461538462	1300	SAS	18402	0	0.978461538461538
81	0.575807787903894	0.135874067937034	0.110190555095278	0.0588235294117647	0.0339685169842585	0.0555095277547639	0.00828500414250207	1207	SAS	18270	0	0.978458989229495
82	0.555555555555556	0.129326047358834	0.107468123861566	0.0692167577413479	0.0327868852459016	0.058287795992714	0.00364298724954463	549	SAS	6609	0	0.956284153005465
83	0.53125	0.130859375	0.125	0.087890625	0.044921875	0.04296875	0.00390625	512	SAS	7302	0	0.966796875
84	0.5470737913486	0.124681933842239	0.132315521628499	0.0636132315521628	0.0458015267175573	0.0381679389312977	0.0101781170483461	393	SAS	5775	0	0.961832061068702
85	0.501771793054571	0.137491141034727	0.14103472714387	0.0616583982990787	0.040396881644224	0.0552799433026223	0.00992204110559887	1411	SAS	19972	0	0.947554925584692
86	0.56875	0.145138888888889	0.10625	0.0520833333333333	0.0375	0.0465277777777778	0.00625	1440	SAS	23553	0	0.9625
87	0.56378132118451	0.132118451025057	0.120728929384966	0.0523917995444191	0.0330296127562642	0.0455580865603645	0.00455580865603645	878	SAS	14607	0	0.952164009111617
88	0.564336372847011	0.130699088145897	0.115501519756839	0.0699088145896656	0.0374873353596758	0.0516717325227964	0.00101317122593718	987	SAS	14055	0	0.970618034447822
89	0.540625	0.1265625	0.1296875	0.04375	0.040625	0.059375	0.0046875	640	SAS	11045	0	0.9453125
90	0.540965207631874	0.118967452300786	0.11672278338945	0.0707070707070707	0.0482603815937149	0.0527497194163861	0.0112233445566779	891	SAS	13677	0	0.95959595959596
91	0.560175054704595	0.140043763676149	0.140043763676149	0.0525164113785558	0.0218818380743982	0.0350109409190372	0	457	SAS	7245	1	0.949671772428884
93	0.580536912751678	0.154362416107383	0.11744966442953	0.0704697986577181	0.0134228187919463	0.0436241610738255	0.00671140939597315	298	SAS	3183	0	0.986577181208054
94	0.555555555555556	0.119496855345912	0.129979035639413	0.0691823899371069	0.0230607966457023	0.0545073375262055	0.0125786163522013	477	SAS	8316	0	0.964360587002096
95	0.509331727874774	0.127031908488862	0.128838049367851	0.0644190246839254	0.0397350993377483	0.0547862733293197	0.0120409391932571	1661	SAS	19743	0	0.936183022275737
96	0.517560073937153	0.136783733826248	0.132162661737523	0.0637707948243993	0.0304990757855823	0.0573012939001848	0.00739371534195933	1082	SAS	11457	0	0.94547134935305
97	0.395145631067961	0.148543689320388	0.166990291262136	0.0718446601941748	0.0388349514563107	0.0660194174757282	0.016504854368932	1030	SAS	12291	0	0.903883495145631
98	0.529714285714286	0.129142857142857	0.129142857142857	0.06	0.0497142857142857	0.0491428571428571	0.0102857142857143	1750	SAS	21456	0	0.957142857142857
99	0.559785261102977	0.141532454856027	0.126403123474866	0.0546608101512933	0.0351390922401171	0.0439238653001464	0.00732064421669107	2049	SAS	28687	0	0.968765251342118
100	0.55863539445629	0.127931769722815	0.127221037668799	0.0611229566453447	0.0284292821606254	0.0483297796730633	0.00497512437810945	1407	SAS	24246	0	0.956645344705046
101	0.55	0.150961538461538	0.115384615384615	0.0480769230769231	0.0394230769230769	0.0394230769230769	0.00673076923076923	1040	SAS	13068	0	0.95
102	0.543889845094664	0.135111876075731	0.111015490533563	0.0636833046471601	0.0370051635111876	0.0550774526678141	0.0103270223752151	1162	SAS	17673	0	0.956110154905336
103	0.549141965678627	0.152886115444618	0.113884555382215	0.0546021840873635	0.0421216848673947	0.0530421216848674	0.0078003120124805	641	SAS	9383	0	0.973478939157566
104	0.543046357615894	0.163355408388521	0.11037527593819	0.0596026490066225	0.0507726269315673	0.033112582781457	0.00441501103752759	453	SAS	7602	0	0.964679911699779
105	0.565346829413516	0.145281333730277	0.107174754391188	0.0589461149151533	0.0395951175945222	0.047037808871688	0.00714498362607919	3359	SAS	57348	0	0.970526942542423
106	0.56377835626627	0.132391223503161	0.12755671253254	0.0524358497582744	0.0479732242469319	0.0449981405727036	0.00780959464484939	2689	SAS	37572	0	0.97694310152473
